First to second layer connections:
2298
-1914
104
-1768
5409
-9122
2779
1857
-1504
647
4273
-5047
5307
11222
2834
-821
3227
-991
80
379
-2655
188
6032
-2075
-1725
3685
-376
1385
5327
-5413
1350
1722
100
-7977
-4412
-854
5250
-2032
354
1911
-2573
-601
-3084
1205
-3563
4465
1421
-3308
-1753
2565
1584
-2628
1477
-5623
-2986
522
7020
-6664
-1201
1701
25
5268
8642
-1611
2229
-3069
1396
-2549
-5175
-3674
125
3644
112
7925
-2357
3200
-760
3383
-1445
6070
-7215
1961
5397
-1909
-5458
-5057
-5746
4956
-4618
-4547
-12
600
5939
-3299
1776
2275
2034
6143
378
540
-3467
-1122
-2874
-3565
-10540
-5478
-4345
-6663
2833
4749
-288
-5960
-1348
-45
2325
-1159
627
-3604
-4990
-2397
-5498
1222
-6532
10991
-2002
-4543
-2173
3847
5789
-1399
3389
7260
7502
-3138
-703
-5283
-663
-1427
-1147
6560
-82
-8582
-955
328
-1139
-415
-398
-1319
4843
-3224
-1810
6978
1961
4159
-541
-458
21
8355
-3936
-1807
7962
378
-4006
6108
1806
871
-6961
2139
-1486
-4109
-392
9920
-3049
1860
936
3890
-8349
2318
-1443
7788
-1454
3283
-958
-2696
1436
82
-5061
-3526
-1147
-264
-159
3699
834
3778
-4020
-2575
-166
-2528
3522
-3894
2496
6271
-1340
-3113
-2012
-2752
1488
-136
-234
-6003
1233
3052
5270
-2401
-3660
-1574
8445
-183
950
7640
-1443
-3787
-5182
-117
2190
4086
-8960
-4453
4122
-2999
-3503
4563
-1498
6414
-3446
5127
-2242
4464
-8602
-6933
-1442
-722
-2170
-754
2111
-1202
4187
8287
8792
-4399
7371
-3499
-7736
8186
618
4896
5209
8394
-972
-4912
2514
2258
-2543
3166
6144
-21
-1108
7034
852
-2686
-6209
3583
74
-899
-3120
-986
3553
-2325
612
-6821
2569
-4004
-2810
577
2832
-354
-1304
4460
3058
2655
-3643
-4508
-3827
-1768
2762
1911
-3911
1008
-2323
816
5071
-7909
2636
-195
-1931
-2194
4790
-674
-2629
3562
-760
-1626
2796
2925
-364
-1372
-2404
393
787
1051
-5995
-1350
677
2246
-6344
34
-4073
3265
-2236
-3739
-1982
-2677
-2196
4823
-4422
-1853
5371
9971
1323
-1952
5885
-4916
4699
-3498
-405
10833
-259
-1133
7429
3719
-554
4480
-3134
-2838
-5760
1513
5850
-958
-274
3260
6824
1096
-1051
5098
-10393
4946
1170
-3787
1508
376
-4191
3206
2325
-5377
-6688
52
3882
2449
3470
-205
-921
-662
-2429
-3080
-4162
6511
6803
6317
777
-1360
-3309
-2735
4930
287
1722
-6204
-690
2320
4655
905
-2086
929
-3934
-1170
-6161
-806
-5752
-8960
-2605
6300
-6106
3635
-267
-6267
-1485
2422
-1256
664
5497
-4540
205
8279
143
3258
-1348
-8605
3571
-2942
1999
-4210
3266
1127
5659
3007
2128
2140
-804
1501
-506
-1181
6028
5
-3847
1044
-1815
2038
300
2967
8286
-4381
1942
7926
2118
-6872
3954
-4512
-8735
5376
-84
-3970
-3866
-3561
-8247
237
1112
-4481
5538
1517
1661
4144
-3362
5844
-112
-6285
-653
1402
1973
-5892
2516
-454
-3751
1366
2882
-1760
2467
2188
99
1157
-8081
3891
1978
-3043
-2032
-5356
-945
8837
-4489
636
-3777
4878
4022
56
899
6819
9158
-6244
-3414
1991
-3230
2599
-3671
-1938
Second to third layer connections:
6716
990
1455
1307
-5180
-2717
6676
1797
-7944
-2886
652
-1690
-1968
654
2477
5358
8083
4269
-321
-1038
2406
-965
-78
-3065
-872
-4173
-1841
3176
-742
-2546
-3765
-1089
-1854
-660
4086
5061
5021
195
-4423
2946
839
-1827
-833
1332
-3050
-2885
3524
5753
5495
1400
-1103
-2490
-2991
3925
-728
2736
5797
-8670
3682
-503
2262
-1274
4638
4792
4864
1482
-7884
8046
2731
-8528
1423
1906
3050
1935
-1010
7785
2768
2097
-3676
769
4923
-1359
4532
-12847
520
-1863
-5430
-3766
8336
631
1121
1960
-2349
333
2861
1856
-3761
-135
2287
8578
5023
870
-2527
1690
-218
8146
-5664
-2038
1180
-8077
5836
3256
-3130
-5277
-2177
5933
-4167
1767
-3774
1226
1457
9483
-1222
178
6291
-2192
1672
14
Third to fourth layer connections:
-2029
-1486
1419
5586
-3456
-1194
-4240
-7312
-6110
2434
2088
7068
-1266
-4565
-1472
-8262
-5273
313
2405
91
-3171
5662
-7519
6981
-1009
4304
-9683
-461
121
2928
2222
-3292
Fourth to fifth layer connections:
8742
7019
-1680
-3190
1305
507
2508
-5694
Fifth to sixth layer connections:
-27
-2090
