First to second layer connections:
7
-3
1
-4
11
-26
8
2
-8
-3
-10
-12
15
28
9
-4
6
-3
17
5
-5
0
14
-5
-3
10
-5
2
17
-9
6
4
-1
-19
-10
3
15
-5
2
11
-8
2
-10
1
-11
12
5
-11
-6
5
3
-6
5
-13
-7
0
18
-18
-1
7
-15
12
22
-5
5
-6
6
-10
-13
-10
1
6
-1
20
-8
8
-5
12
-7
18
-19
6
14
-6
-15
-12
-17
12
-11
-12
-9
2
15
-10
4
7
5
17
1
0
-7
-4
-18
-10
-27
-17
-12
-17
8
11
2
-18
-5
0
6
0
2
-12
-15
-7
-15
6
-18
28
-6
-13
-3
9
13
-5
8
21
20
-9
1
-13
-2
-4
-2
16
-1
-22
-7
3
-5
3
-2
-6
14
-6
-9
20
5
11
-3
-4
-15
24
-8
-6
19
-1
-12
15
5
3
-17
7
0
-13
-3
26
-5
3
5
13
-19
6
-5
20
-4
10
-3
-6
4
-3
-14
-10
-4
0
-2
14
0
7
-10
-4
-3
-9
10
-8
9
17
-2
-10
-8
-10
3
-1
-3
-14
5
5
14
-7
-8
-1
23
-4
0
19
-5
-10
-11
0
3
7
-27
-11
10
-7
-9
10
-1
16
-8
14
-8
14
-18
-18
-3
-1
-3
-5
2
-5
8
21
26
-13
18
-8
-21
18
2
9
15
21
0
-13
7
5
-4
9
13
-1
-4
19
2
-9
-15
10
0
-2
-6
-3
8
-8
4
-18
8
-9
-8
0
5
1
-5
13
11
6
-9
-11
-12
-3
7
2
-12
5
-3
-1
16
-22
6
2
-5
-5
9
-1
-4
8
2
-5
9
9
0
-3
-6
3
1
3
-18
-6
0
2
-17
-12
-9
8
-4
-11
-5
-7
-7
12
-11
-8
14
26
4
-5
13
-14
15
-8
-1
27
-1
-1
17
9
-2
11
-11
-6
-12
1
18
-1
-1
11
19
5
-1
12
-27
13
1
-11
7
-1
-14
5
3
-14
-17
1
7
6
10
-4
0
2
-6
-6
-14
18
17
16
4
-2
-11
-5
8
3
4
-16
0
3
14
2
-9
4
-10
-4
-14
-3
-15
-22
-6
13
-17
12
1
-16
-3
6
-1
3
15
-12
2
22
-2
9
-2
-19
12
-4
7
-7
6
4
17
6
6
5
2
5
-2
-1
18
8
-6
5
-3
6
-2
6
22
-7
3
21
7
-21
10
-9
-23
16
-1
-12
-11
-10
-22
1
3
-12
16
3
3
11
-8
14
-1
-15
-3
2
3
-18
5
-2
-7
6
9
-6
7
3
-2
5
-25
11
7
-9
-5
-15
-4
24
-13
5
-13
12
12
1
2
21
23
-15
-12
4
-10
3
-12
-4
Second to third layer connections:
16
0
4
0
-15
-11
12
4
-19
-8
1
-5
-2
2
7
15
17
11
1
-4
3
0
-5
-5
-3
-11
-8
10
-3
-5
-11
-3
-5
0
8
12
14
2
-12
6
1
-5
-2
5
-6
-7
7
16
12
3
2
-7
-7
9
0
5
17
-23
10
1
7
-8
13
11
11
5
-23
20
6
-21
5
5
8
5
-4
18
8
6
-13
-1
11
-1
8
-34
3
-8
-14
-8
22
3
2
7
-7
1
6
5
-12
0
7
23
10
2
-8
3
-2
22
-19
-3
7
-21
15
10
-10
-14
-10
16
-9
3
-11
5
7
24
-3
29
15
-5
4
1
Third to fourth layer connections:
-5
-4
4
14
-10
-3
-8
-20
-19
1
5
18
2
-12
-5
-21
-14
-2
8
-2
-7
13
-18
16
-3
11
-26
0
0
9
6
-9
Fourth to fifth layer connections:
22
18
-5
-6
2
-2
11
-16
Fifth to sixth layer connections:
-3
-4
