First to second layer connections:
1153
-954
56
-887
2706
-4557
1388
928
-755
312
-2138
-2526
2651
5614
1417
-407
1610
-498
37
187
-1328
90
3016
-1039
-854
1849
-185
694
2659
-2709
672
855
51
-3985
-2210
-435
2622
-1022
174
959
-1283
-301
-1538
601
-1787
2236
709
-1650
-870
1287
791
-1318
740
-2809
-1489
261
3519
-3336
-595
848
12
2639
4319
-813
1117
-1534
700
-1270
-2585
-1833
70
1827
61
3964
-1175
1606
-377
1693
-720
3036
-3602
975
2703
-957
-2729
-2527
-2871
2479
-2310
-2278
1713
297
2959
-1647
889
1134
1023
3068
197
268
-1730
-564
-1439
-1782
-5269
-2740
-2172
-3331
1422
2373
-145
-2989
-677
-29
1164
-588
315
-1811
-2501
-1201
-2746
607
-3270
5500
-996
-2273
-1090
1927
2899
-696
1704
3632
3752
-1575
-354
-2630
-336
-719
-571
3276
-37
-4293
-482
160
-561
-213
-201
-664
2420
-1613
-906
3482
972
2082
-284
-224
4
4182
-1968
-906
3978
181
-2002
3059
910
424
-3476
1073
-745
-2056
-199
4959
-1522
932
465
1940
-4186
1157
-718
3893
-731
1640
-470
-1348
728
45
-2526
-1760
-569
-131
-81
1851
418
1891
-2008
-1282
-84
-1267
1760
-1948
1249
3128
-665
-1560
-999
-1374
742
-63
-107
-2992
610
1523
2637
-1195
-1833
-790
4221
-94
467
3816
-718
-1887
-2592
-57
1090
2041
-4478
-2236
2059
-1494
-1749
2279
-741
3201
-1717
2563
-1122
2231
-4300
-3462
-720
-368
-1081
-379
1057
-598
2099
4145
4396
-2199
3675
-1751
-3868
4096
313
2438
2604
4203
-479
-2461
1255
1127
-1272
1588
3080
-11
-556
3519
430
-1346
-3109
1798
34
-450
-1559
-499
1771
-1166
302
-3403
1279
-2008
-1406
295
1413
-174
-657
2233
1526
1324
-1811
-2255
-1903
-883
1381
951
-1952
501
-1157
408
2535
-3959
1317
-107
-962
-1108
2397
-334
-1314
1774
-381
-808
1390
1466
-183
-682
-1197
198
391
523
-2998
-678
335
1129
-3172
17
-2040
1631
-1109
-1870
-987
-1340
-1094
2418
-2204
-929
2685
4987
663
-977
2947
-2452
2355
-1749
-200
5419
-132
-571
3705
1854
-272
2243
-1572
-1410
-2881
765
2930
-487
-136
1632
3406
552
-532
2550
-5198
2474
578
-1897
751
193
-2103
1604
1166
-2688
-3339
28
1944
1227
1734
-104
-458
-330
-1217
-1537
-2077
3256
3404
3160
378
-680
-1650
-1365
2468
141
868
-3101
-344
1157
2323
450
-1049
457
-1970
-585
-3089
-404
-2873
-4479
-1296
3154
-3055
1827
-129
-3133
-745
1201
-624
338
2759
-2270
99
4143
70
1629
-667
-4299
1776
-1473
1001
-2101
1641
558
2827
1502
1059
1072
-395
750
-251
-589
3007
1
-1922
524
-912
1013
147
1484
4151
-2186
970
3960
1059
-3447
1967
-2253
-4368
2696
-29
-1976
-1931
-1778
-4122
114
562
-2241
2766
756
827
2070
-1676
2925
-61
-3143
-327
700
983
-2950
1260
-225
-1873
680
1444
-877
1234
1093
52
577
-4041
1943
991
-1516
-1016
-2680
-463
4422
-2256
321
-1892
2443
2018
23
456
3412
4584
-3122
-1707
988
-1619
1298
-1829
-968
Second to third layer connections:
3353
499
722
648
-2590
-1353
3342
898
-3970
-1444
320
-844
-988
328
1235
2678
4041
2144
-155
-522
1210
-482
-44
-1537
-434
-2092
-926
1587
-370
-1276
-1885
-545
-928
-331
2039
2532
2511
100
-2213
1474
423
-919
-416
665
-1531
-1436
1768
2868
2750
700
-546
-1251
-1497
1966
-368
1368
2900
-4341
1847
-252
1132
-635
2326
2397
2436
742
-3953
4032
1362
-4259
716
949
1524
968
-508
3891
1390
1054
-1835
383
2464
-673
2269
-6412
254
-930
-2716
-1878
4174
314
554
982
-1178
162
1427
925
-1889
-66
1138
4292
2517
440
-1273
848
-107
4070
-2833
-1023
582
-4036
2916
1628
-1573
-2629
-1100
2965
-2090
880
-1891
614
726
4742
-612
81
3147
-1100
832
4
Third to fourth layer connections:
-1014
-751
711
2785
-1724
-587
-2124
-3650
-3047
1220
1050
3535
-626
-2280
-739
-4130
-2632
162
1202
43
-1585
2835
-3760
3485
-505
2159
-4843
-232
58
1460
1108
-1646
Fourth to fifth layer connections:
4366
3512
-839
-1593
656
252
1260
-2839
Fifth to sixth layer connections:
-16
-1042
