First to second layer connections:
133
-118
15
-118
341
-573
180
120
-91
33
-273
-306
337
710
181
-53
207
-68
-471
34
-168
8
388
-132
-109
230
-28
88
338
-341
93
108
5
-494
-288
-53
326
-136
23
120
-166
-34
-190
66
-223
271
96
-216
-104
158
89
-165
92
-349
-184
19
447
-416
-79
100
401
331
539
-99
149
-193
83
-160
-315
-232
1
228
-3
491
-142
198
-50
206
-92
380
-456
129
329
-120
-349
-314
-358
311
-288
-285
-232
38
372
-199
113
152
121
383
12
36
-220
-67
-175
-221
-655
-343
-271
-414
181
308
-23
-369
-81
-5
146
-73
38
-238
-310
-150
-336
82
-407
701
-127
-281
-128
244
356
-96
210
459
473
-197
-46
-329
-39
-84
-70
414
-7
-530
-61
27
-72
-26
-33
-79
302
-195
-120
430
118
253
-32
-28
-345
520
-245
-110
498
21
-246
380
106
43
-430
140
-86
-255
-30
618
-186
120
66
242
-530
144
-93
485
-86
211
-53
-168
96
3
-319
-219
-67
-19
-20
241
60
236
-253
-158
-14
-154
219
-244
155
397
-87
-193
-118
-178
94
-8
-17
-371
80
189
336
-146
-225
-96
529
-18
59
479
-85
-231
-320
-6
133
252
-560
-273
256
-193
-225
287
-91
392
-213
323
-149
286
-536
-423
-102
-46
-138
-49
126
-78
255
520
555
-275
459
-214
-489
517
38
307
319
529
-66
-298
158
148
-153
199
379
8
-71
439
50
-173
-398
224
3
-54
-204
-67
215
-155
32
-429
160
-259
-166
37
168
-25
-81
267
189
175
-221
-273
-234
-107
173
121
-242
68
-143
48
322
-500
163
-24
-115
-140
311
-36
-170
231
-52
-108
166
182
-25
-79
-154
19
50
73
-382
-87
46
141
-405
-3
-259
203
-139
-225
-127
-164
-138
300
-278
-124
333
626
80
-129
381
-307
291
-221
-30
679
-22
-70
467
236
-26
275
-203
-173
-360
95
381
-64
-16
205
427
74
-76
318
-654
302
62
-237
94
26
-265
210
147
-334
-417
8
253
147
215
-14
-63
-32
-146
-192
-265
407
428
395
47
-85
-204
-175
307
15
99
-391
-38
139
286
58
-130
57
-246
-69
-375
-45
-361
-567
-155
394
-382
230
-21
-393
-93
152
-75
36
343
-286
17
525
4
199
-85
-534
227
-181
115
-258
212
80
356
187
136
138
-53
91
-31
-73
367
322
-241
69
-114
136
20
186
511
-268
125
494
138
-428
255
-279
-540
337
-10
-252
-247
-213
-520
15
72
-286
345
96
104
256
-206
363
-8
-392
-44
89
134
-371
163
-27
-230
90
181
-112
161
135
14
77
-502
241
123
-181
-122
-340
-64
554
-283
33
-240
306
252
2
60
437
574
-400
-204
122
-196
157
-238
-124
Second to third layer connections:
416
52
89
80
-321
-171
406
118
-500
-181
40
-112
-129
33
155
336
507
268
-17
-61
151
-63
-7
-193
-55
-264
-120
193
-54
-159
-239
-67
-113
-36
254
309
309
8
-272
185
42
-106
-51
78
-197
-181
219
370
338
86
-63
-162
-192
249
-47
168
353
-544
240
-28
137
-83
289
301
309
84
-490
509
166
-526
97
115
181
117
-67
478
177
128
-237
47
308
-85
283
-811
34
-111
-337
-234
520
35
69
123
-139
15
181
117
-230
1
141
530
307
55
-165
119
-13
507
-355
-118
74
-501
359
213
-201
-327
-142
362
-254
114
-236
72
86
592
-80
10
388
-136
91
-4
Third to fourth layer connections:
-125
-96
90
356
-213
-74
-264
-452
-382
163
130
430
-82
-290
-102
-505
-327
13
149
4
-194
354
-464
440
-63
269
-604
-23
7
189
139
-213
Fourth to fifth layer connections:
556
442
-110
-196
86
35
157
-362
Fifth to sixth layer connections:
-6
-122
