First to second layer connections:
4603
-3830
209
-3541
10823
-18237
5558
3714
-3014
1289
0
-10099
10616
22454
5664
-1642
6462
-1978
161
753
-5323
370
12057
-4164
-3450
7369
-751
2768
10661
-10830
2701
3445
198
-15954
-8823
-1705
10499
-4055
708
3819
-5147
-1192
-6168
2406
-7133
8934
2843
-6611
-3502
5125
3169
-5266
2957
-11249
-5970
1033
14041
-13328
2407
3407
44
10536
17289
-3223
4458
-6143
2794
-5097
-10355
-7346
257
7293
219
15848
-4721
6391
-1523
6768
-2892
12144
-14427
3913
10792
-3819
-10915
-10123
-11490
9910
-9231
-9098
-26
1204
11873
-6605
3542
4551
4068
12282
760
1078
-6950
-2251
-5735
-7133
-21079
-10949
-8682
-13318
5660
9498
-571
-11920
-2701
-89
4652
-2321
1262
-7204
-9986
-4793
-10999
2442
-13072
21981
-3992
-9092
-4340
7690
11582
-2791
6778
14516
15001
-6271
-1410
-10573
-1322
-2858
-2286
13122
-162
-17158
-1904
652
-2274
-834
-793
-2629
9678
-6454
-3619
13958
3927
8320
-1089
-909
34
16710
-7866
-3614
15928
762
-8012
12218
3606
1744
-13919
4280
-2972
-8223
-791
19843
-6093
3717
1872
7782
-16692
4640
-2880
15569
-2905
6570
-1920
-5385
2876
163
-10116
-7050
-2291
-526
-320
7397
1670
7562
-8041
-5149
-334
-5060
7045
-7793
5000
12536
-2693
-6225
-4024
-5507
2970
-279
-459
-12008
2461
6114
10536
-4799
-7326
-3152
16892
-365
1901
15287
-2888
-7579
-10369
-240
4371
8178
-17918
-8908
8237
-6006
-7020
9127
-2986
12831
-6889
10255
-4481
8930
-17205
-13867
-2887
-1435
-4347
-1506
4219
-2397
8376
16576
17587
-8782
14738
-7001
-15480
16368
1241
9788
10420
16793
-1943
-9825
5039
4526
-5089
6331
12293
-43
-2213
14063
1701
-5377
-12415
7164
136
-1791
-6239
-1975
7103
-4661
1225
-13644
5130
-8008
-5616
1155
5676
-701
-2607
8921
6126
5305
-7288
-9009
-7655
-3537
5514
3825
-7830
2008
-4642
1631
10137
-15821
5272
-387
-3864
-4385
9579
-1350
-5253
7119
-1515
-3255
5590
5846
-725
-2743
-4801
781
1585
2098
-11985
-2694
1346
4492
-12691
62
-8145
6534
-4474
-7488
-3973
-5356
-4391
9651
-8839
-3711
10746
19937
2655
-3904
11780
-9829
9408
-6998
-808
21659
-521
-2260
14862
7444
-1116
8965
-6270
-5674
-11517
3028
11694
-1925
-557
6521
13643
2198
-2112
10207
-20783
9890
2344
-7583
3026
747
-8388
6415
4646
-10745
-13371
100
7762
4900
6936
-409
-1850
-1329
-4861
-6159
-8322
13023
13602
12631
1555
-2723
-6615
-5475
9859
583
3453
-12404
-1379
4637
9311
1805
-4164
1856
-7878
-2334
-12316
-1613
-11512
-17923
-5209
12600
-12209
7272
-525
-12537
-2957
4836
-2510
1330
10986
-9086
411
16557
286
6522
-2692
-17218
7144
-5889
3991
-8427
6541
2256
11316
6008
4260
4284
-1618
2997
-1004
-2365
12063
8
-7694
2093
-3640
4081
601
5937
16567
-8756
3882
15855
4233
-13741
7904
-9029
-17469
10748
-166
-7944
-7733
-7128
-16485
474
2224
-8957
11078
3034
3317
8277
-6719
11684
-223
-12574
-1300
2796
3941
-11789
5040
-911
-7501
2730
5761
-3520
4933
4373
194
2315
-16167
7783
3947
-6085
-4054
-10710
-1886
17674
-8988
1275
-7559
9744
8054
110
1794
13639
18314
-12484
-6832
3990
-6460
5187
-7340
-3875
Second to third layer connections:
13431
1977
2901
2610
-10356
-5428
13358
3595
-15883
-5778
1290
-3369
-3935
1308
4960
10719
16166
8528
-640
-2082
4801
-1928
-162
-6122
-1750
-8346
-3679
6353
-1479
-5091
-7536
-2172
-3701
-1318
8174
10120
10043
396
-8840
5894
1677
-3646
-1671
2660
-6095
-5772
7052
11508
10996
2808
-2211
-4978
-5982
7863
-1464
5467
11593
-17341
7360
-1004
4529
-2533
9273
9589
9726
2968
-15765
16098
5455
-17051
2854
3812
6095
3875
-2021
15573
5536
4191
-7352
1537
9850
-2717
9062
-25701
1048
-3726
-10854
-7533
16679
1259
2243
3921
-4708
663
5719
3716
-7525
-277
4573
17152
10047
1739
-5055
3372
-447
16295
-11332
-4068
2362
-16158
11679
6514
-6264
-10548
-4353
11856
-8345
3539
-7556
2450
2917
18965
-2434
355
12587
-4392
3336
27
Third to fourth layer connections:
-4061
-2974
2846
11182
-6915
-2384
-8478
-14626
-12214
4861
4175
14137
-2533
-9129
-2941
-16522
-10540
619
4810
192
-6348
11329
-15040
13967
-2023
8600
-19362
-919
238
5859
4442
-6579
Fourth to fifth layer connections:
17474
14046
-3363
-6382
2609
1007
5019
-11385
Fifth to sixth layer connections:
-60
-4180
