First to second layer connections:
36839
-30683
1653
-28349
86617
-145877
44467
29702
-24105
10333
6
-80796
84916
179593
45336
-13138
51694
-15793
1298
6019
-42601
2960
96447
-9
-27576
58927
-6022
-22122
85328
-86651
21614
27523
1571
-127651
-70574
-13627
83971
-32438
5666
30567
-41199
-9541
-49315
19252
-57075
71467
22735
-52896
-28043
40998
25341
-42116
23629
-89962
-47745
8259
112333
-106651
-5
27257
334
84304
138301
-25768
35613
-49149
22350
-40799
-82872
-58764
2047
58369
1780
126736
-37745
51127
-12207
54164
-23120
97138
-115392
31320
86352
-30569
-87331
-80947
-91958
79242
-73904
-72775
-201
9654
94972
-52800
28339
36379
32562
98275
6051
8581
-55583
-17988
-45907
-57062
-168638
-87620
-69457
-106558
45273
75958
1
-95385
-21627
-704
37232
-18565
10116
-57661
-79882
-38354
-88005
19556
-104566
175863
-31943
-72752
-34728
61517
92653
-22347
54247
116148
119996
-50147
-11315
-84562
-10599
-22823
-18300
104992
-1300
-137246
-15226
5184
-18210
-12
-6330
-21028
77441
-51637
-28969
111663
31422
66571
-8659
-7285
266
133706
-62943
-28935
127400
6115
-64113
97759
28841
13949
-111359
34243
-23784
-65756
-6348
158698
-48765
29759
14978
62257
-133529
37134
-23064
124565
-23260
52544
-15340
-43078
23012
1340
-80897
-56382
-18343
-4206
-2588
59214
13349
60517
-64310
-41166
-2705
-40503
56376
-62317
39967
100301
-21567
-49754
-32181
-44064
23745
-2211
-3684
-96067
19668
48913
84255
-38414
-58588
-25229
135117
-2920
15209
122323
-23121
-60641
-82945
-1879
34965
65428
-143358
-71250
65868
-48044
-56195
73010
-23900
102651
-55121
82049
-35846
71447
-137655
-110928
-23095
-11490
-34760
-12099
33754
-19131
67021
132605
140669
-70241
117890
-55982
-123833
130958
9933
78296
83327
134378
-15546
-78609
40332
36192
-40683
50665
98289
-332
-17660
112525
13613
-43021
-99326
57332
1090
-14324
-49902
-15806
56825
-37299
9817
-109134
41046
-64093
-4
9222
45401
-5598
-20877
71387
49021
42433
-58303
-72095
-61214
-28304
44148
30603
-62607
16045
-37122
13081
81094
-126606
42156
-3101
-30947
-35060
76576
-10811
-42021
56919
-12079
-26030
44774
46778
-5788
-21937
-38401
6289
12693
16752
-95919
-21546
10795
35915
-101484
457
-65148
52258
-35807
-59909
-31800
-42874
-35125
77215
-70711
-29666
85989
159506
21227
-31223
94255
-78613
75224
-56006
-6435
173245
-4144
-18092
118883
59530
-8924
71727
-50197
-45387
-92162
24227
93559
-15404
-4465
52192
109160
17563
-16900
81608
-166257
79075
18744
-60641
24225
5949
-67099
51324
37170
-85976
-106958
779
62083
39195
55518
-3277
-14796
-10626
-38878
-49267
-66592
104216
108831
101028
12426
-21790
-52917
-43786
78886
4696
27595
-99245
-11035
37096
74519
14466
-33314
14829
-63018
-18689
-98519
-12896
-92095
-143361
-41673
100760
-97664
58181
-4212
-100331
-23663
38678
-20082
10612
87887
-72711
3238
132433
2299
52171
-21518
-137748
57147
-47106
31913
-67420
52319
18031
90528
48057
34102
34237
-12942
23988
-8045
-18922
96519
79
-61547
16743
-29115
32626
4813
47499
132541
-70038
31062
126848
33867
-109931
63253
-72235
-139769
86009
-1334
-63568
-61859
-57058
-131902
3785
17761
-71692
88611
24274
26526
66223
-53735
93461
-1789
-100595
-10394
22360
31538
-94311
40301
-7294
-59988
21847
46135
-28123
39463
34956
1558
18487
-129326
62291
31593
-48654
-32444
-85693
-15099
141393
-71894
10189
-60469
77999
64430
901
14344
109108
146530
-99852
-54662
31910
-51664
41516
-58721
-31011
Second to third layer connections:
107394
15816
23207
20898
-82841
-43458
106864
28743
-127105
-46182
10345
-26987
-31458
10428
39685
85745
129342
68178
-5177
-16642
38409
-15402
-1285
-48963
-14014
-66764
-29429
50849
-11825
-40712
-60246
-17382
-29612
-10523
65399
80974
80363
3160
-70727
47171
13386
-29193
-13320
21236
-48774
-46162
56457
92050
87932
22466
-17749
-39837
-47863
62897
-11736
43728
92733
-138730
58905
-8039
36199
-20240
74171
76739
77790
23732
-126124
128769
43634
-136418
22842
30498
48764
31033
-16160
124615
44297
33510
-58845
12314
78773
-21738
72506
-205595
8410
-29850
-86819
-60271
133452
10077
17966
31385
-37642
5303
45753
29750
-60181
-2213
36554
137200
80402
13935
-40448
26990
-3559
130334
-90659
-32575
18872
-129257
93382
52068
-50123
-84405
-34839
94849
-66761
28283
-60447
19613
23366
151750
-19470
2875
100650
-35125
26682
222
Third to fourth layer connections:
-32536
-23790
22731
89475
-55341
-19061
-67829
-117033
-97656
38857
33404
113118
-20260
-72998
-23558
-132203
-84325
4954
38469
1496
-50786
90614
-120306
111699
-16158
68808
-154879
-7358
1918
46857
35536
-52607
Fourth to fifth layer connections:
139797
112381
-26888
-51078
20871
8072
40183
-91098
Fifth to sixth layer connections:
-481
-33449
