First to second layer connections:
18418
-15341
828
-14172
43302
-72943
22232
14856
-12054
5162
2
-40392
42459
89797
22670
-6565
25843
-7900
649
3006
-21300
1476
48225
-10
-13787
29467
-3005
11066
42664
-43322
10811
13760
785
-63829
-35287
-6812
41987
-16222
2838
15287
-20600
-4774
-24659
9624
-28535
35730
11368
-26444
-14018
20500
12677
-21060
11818
-44981
-23866
4129
56167
-53330
1
13632
164
42149
69153
-12882
17807
-24570
11178
-20397
-41429
-29386
1019
29185
890
63370
-18872
25561
-6102
27080
-11563
48575
-57696
15662
43170
-15290
-43660
-40474
-45982
39626
-36951
-36386
-103
4824
47482
-26407
14168
18188
16280
49139
3024
4287
-27794
-8997
-22954
-28533
-84322
-43803
-34732
-53277
22637
37979
2285
-47689
-10816
-353
18613
-9281
5055
-28827
-39941
-19172
-44002
9780
-52291
87929
-15973
-36379
-17363
30759
46326
-11174
27119
58072
60000
-25075
-5661
-42278
-5300
-11410
-9153
52498
-643
-68622
-7613
2595
-9105
-9
-3169
-10511
38718
-25821
-14480
55832
15713
33285
-4332
-3638
130
66851
-31472
-14466
63700
3063
-32060
48880
14422
6970
-55674
17122
-11891
-32878
-3175
79351
-24383
14876
7489
31130
-66765
18566
-11530
62286
-11632
26267
-7669
-21538
11502
669
-40449
-28199
-9169
-2101
-1296
29603
6675
30259
-32158
-20581
-1349
-20252
28190
-31160
19982
50149
-10781
-24874
-16096
-22033
11873
-1105
-1840
-48037
9834
24462
42133
-19208
-29292
-12610
67563
-1456
7606
61158
-11559
-30320
-41474
-944
17480
32717
-71681
-35619
32933
-24018
-28099
36502
-11952
51320
-27559
41022
-17922
35725
-68827
-55460
-11550
-5742
-17376
-6050
16869
-9571
33508
66299
70333
-35120
58944
-27991
-61918
65476
4971
39145
41665
67192
-7769
-39303
20166
18101
-20339
25329
49151
-167
-8831
56266
6809
-21508
-49660
28668
546
-7160
-24953
-7900
28417
-18652
4903
-54569
20519
-32048
2
4615
22699
-2801
-10432
35692
24507
21219
-29153
-36041
-30607
-14148
22073
15307
-31305
8018
-18562
6536
40546
-63299
21080
-1546
-15475
-17532
38291
-5403
-21013
28462
-6039
-13014
22383
23389
-2895
-10963
-19200
3147
6348
8381
-47960
-10779
5396
17961
-50739
229
-32575
26130
-17903
-29956
-15900
-21438
-17565
38612
-35355
-14829
42988
79753
10615
-15611
47122
-39305
37614
-28002
-3216
86619
-2069
-9048
59444
29770
-4465
35865
-25100
-22695
-46082
12112
46783
-7701
-2236
26097
54575
8784
-8449
40803
-83134
39541
9376
-30323
12114
2967
-33548
25660
18584
-42984
-53484
387
31046
19595
27757
-1639
-7401
-5312
-19441
-24635
-33295
52108
54415
50514
6215
-10895
-26463
-21895
39448
2349
13803
-49619
-5517
18543
37254
7233
-16659
7415
-31507
-9347
-49260
-6449
-46044
-71680
-20835
50381
-48829
29088
-2106
-50166
-11831
19340
-10042
5303
43944
-36353
1623
66218
1146
26086
-10766
-68875
28574
-23554
15955
-33709
26158
9022
45271
24030
17050
17121
-6467
11989
-4018
-9453
48257
38
-30770
8370
-14554
16304
2406
23750
66273
-35015
15532
63423
16933
-54967
31620
-36111
-69886
43000
-664
-31784
-30932
-28528
-65951
1892
8886
-35844
44302
12131
13265
33115
-26871
46733
-893
-50294
-5196
11186
15772
-47153
20151
-3647
-29993
10922
23060
-14064
19737
17477
776
9248
-64660
31144
15802
-24326
-16220
-42844
-7548
70694
-35953
5091
-30238
39000
32211
451
7171
54560
73266
-49925
-27331
15962
-25827
20756
-29360
-15504
Second to third layer connections:
53700
7909
11602
10453
-41420
-21727
53424
14371
-63550
-23092
5172
-13491
-15732
5211
19847
42868
64665
34089
-2588
-8322
19206
-7697
-639
-24482
-7009
-33383
-14718
25428
-5913
-20353
-30128
-8691
-14807
-5266
32696
40488
40173
1583
-35361
23584
6695
-14597
-6664
10619
-24390
-23084
28229
46027
43971
11233
-8876
-19916
-23933
31446
-5871
21860
46365
-69360
29455
-4022
18106
-10122
37088
38370
38893
11864
-63059
64386
21817
-68208
11420
15246
24380
15512
-8077
62305
22149
16751
-29421
6158
39392
-10870
36256
-102801
4206
-14925
-43404
-30130
66729
5040
8982
15691
-18820
2648
22879
14874
-30099
-1104
18274
68599
40201
6967
-20228
13495
-1779
65172
-45328
-16287
9436
-64628
46698
26037
-25055
-42196
-17424
47422
-33382
14147
-30223
9804
11682
75879
-9732
1443
50328
-17565
13342
111
Third to fourth layer connections:
-16267
-11893
11369
44735
-27669
-9532
-33912
-58517
-48832
19426
16703
56561
-10135
-36502
-11780
-66094
-42160
2477
19233
754
-25393
45309
-60154
55856
-8084
34401
-77440
-3678
950
23424
17769
-26305
Fourth to fifth layer connections:
69895
56193
-13445
-25539
10433
4034
20093
-45547
Fifth to sixth layer connections:
-241
-16723
