First to second layer connections:
1178817
-981669
52896
-22
2771882
-4667916
1422955
950572
-771366
330694
269
-2585414
2717235
5746977
1450782
-420399
1654226
-13
41474
192549
-1363283
94763
3086235
-288
-882428
1885713
-192682
-74
2730494
-2772746
691635
880689
50154
-4084667
-2258201
-436049
2687155
-1037999
181257
978106
-1318343
-305242
-1578063
616076
-1826343
2286814
727641
-1692720
-897379
1311856
811003
-1347684
756143
-2878718
-1527784
264339
3594600
-3412900
-128
872247
10772
2697633
4425756
-824580
1139732
-1572710
715321
-1305670
-2651838
-1880508
65423
1867899
57026
4055405
-1207695
1636048
-390583
1733098
-739837
3108468
-3692540
1002284
2763061
-978284
-2794540
-2590250
-2942559
2535803
-2364923
-2328816
-6315
308885
3039155
-1689729
906818
1164075
1041996
3144841
193515
274589
-1778562
-575647
-1468908
-1825999
-5396469
-2803766
-2222591
-3409941
1448719
2430643
-8
-3052299
-692243
-22487
1191448
-594072
323749
-1845215
-2556309
-1227198
-2816267
625766
-3346142
5627449
-1022210
-2328016
-1111287
1968618
2965021
-715001
1735922
3716747
3839939
-1604541
-362189
-2705975
-339185
-730340
-585539
3359733
-41482
-4391813
-487280
-52
-582772
-258
-202640
-672837
2478085
-1652392
-926949
3573072
1005506
2130331
-277083
-233242
8600
4278526
-2014321
-925978
4076808
195801
-2051458
3128162
922885
446452
-3563412
1095872
-760847
-2104137
-203201
5078438
-1560412
952182
479181
1992155
-4272982
1188273
-738023
3986161
-744454
1681447
-490936
-1378277
736332
42895
-2588604
-1804335
-586999
-134495
-82773
1894803
427199
1936501
-2057815
-1317284
-86700
-1295958
1803917
-1994214
1279058
3209516
-690150
-1592213
-1029839
-1410039
759642
-70814
-118024
-3074072
629508
1565290
2696153
-1229253
-1875066
-807500
4323650
-93428
486628
3914400
-739891
-1940443
-2654335
-60143
1118810
2093485
-4587464
-2279985
2107705
-1537673
-1798361
2336285
-764798
3284774
-1763878
2625516
-1146998
2286361
-4404851
-3549764
-739144
-367735
-1112203
-387168
1080111
-612110
2144622
4243163
4501335
-2247761
3772654
-1791575
-3962566
4190803
317724
2505605
2666503
4300188
-497513
-2515593
1290510
1158191
-1301923
1621447
3145292
-10521
-565194
3600960
435578
-1376710
-3178441
1834545
34845
-458444
-1596942
-505853
1818461
-1193514
314130
-3492316
1313334
-2051011
-91
295221
1452784
-179058
-668019
2284371
1568606
1357719
-1865845
-2307029
-1958850
-905546
1412826
979254
-2003222
513524
-1187968
418722
2595079
-4051290
1349127
-99198
-990331
-1122122
2450437
-345939
-1344683
1821360
-386404
-833031
1432766
1496969
-185235
-701988
-1228853
201115
406231
536106
-3069369
-689460
345578
1149138
-3247535
14717
-2084773
1672268
-1146010
-1917031
-1017577
-1371859
-1123897
2470764
-2262769
-949435
2751655
5104234
679277
-999127
3015956
-2515531
2407307
-1792247
-205957
5543729
-132622
-578974
3804191
1904955
-285641
2295207
-1606238
-1452296
-2949395
775338
2993857
-492923
-142892
1670054
3493037
562015
-540739
2611405
-5320308
2530369
599741
-1940520
775170
190373
-2147042
1642214
1189382
-2751105
-3422692
24921
1986529
1254106
1776504
-104731
-473338
-340195
-1243969
-1576458
-2131032
3335033
3482614
3233011
397387
-697405
-1693346
-1401138
2524385
150277
882968
-3175839
-353163
1186999
2384487
462815
-1066039
474528
-2016582
-597979
-3152583
-412837
-2946942
-4587468
-1333428
3224352
-3125237
1861715
-134851
-3210531
-757311
1237641
-642527
339503
2812309
-2326872
103511
4237908
73666
1669420
-688533
-4407917
1828570
-1507322
1021308
-2157394
1674269
577173
2896957
1537786
1091337
1095709
-414230
767561
-257369
-605442
3088715
2560
-1969475
535816
-931757
1043995
154257
1519990
4241229
-2241298
993984
4059194
108
-3517818
2024145
-2311418
-4472702
2752293
-42671
-2034198
-1979681
-1825803
-4220946
121021
568378
-2294202
2835438
776768
848820
2119160
-1719597
2990809
-57228
-3219060
-332420
715435
1009214
-3017953
1289613
-233245
-1919585
699122
1476195
-899883
1262871
1118489
49970
591406
-4138422
1993466
1010962
-1556969
-1038277
-2742251
-483072
4524483
-2300679
325962
-1935075
2496017
2061796
28815
459042
3491435
4688909
-3195301
-1749268
1021194
-1653229
1328520
-1879108
-992261
Second to third layer connections:
3436588
506043
742582
668882
-2650904
-1390613
3419691
919703
-4067372
-1477985
330984
-863602
-1006663
333662
1269886
2743924
4138903
2181806
-165860
-532522
1229116
-492874
-41276
-1566803
-448487
-2136545
-941640
1627090
-378498
-1302824
-1927847
-556271
-947565
-336630
2092839
2591275
2571630
101178
-2263252
1509387
428334
-934140
-426261
679413
-1560868
-1477085
1806763
2945497
2813825
718870
-567974
-1274813
-1531580
2012641
-375549
1399342
2967500
-4439468
1884920
-257384
1158379
-647704
2373634
2455420
2489406
759365
-4035911
4120593
1396209
-4365322
731063
975896
1560443
993024
-517192
3987745
1417361
1072493
-1883010
394128
2520724
-695694
2320298
-6579049
269130
-955268
-2778142
-1928779
4270580
322644
574845
1004413
-1204507
169639
1464204
952065
-1925678
-70887
1169762
4390465
2572797
445811
-1294379
863734
-113703
4170643
-2901112
-1042320
603819
-4136368
2988215
1666109
-1603975
-2700999
-1114945
3035187
-2136518
905041
-1934318
627686
747776
4855982
-622971
91958
3220595
-1123796
853781
7030
Third to fourth layer connections:
-1041028
-761236
727490
2863238
-1771016
-609877
-2170562
-3745107
-3124910
1243385
1068911
3619969
-648425
-2335957
-753859
-4230299
-2698394
158498
1231051
47924
-1625140
2899600
-3850050
3574485
-517038
2201761
-4956067
-235410
61339
1499488
1136976
-1683433
Fourth to fifth layer connections:
4473721
3596237
-860386
-1634462
667782
258199
1285860
-2914996
Fifth to sixth layer connections:
-15367
-1070256
