First to second layer connections:
18861093
-15706700
846362
-345
44350000
-74686730
22767245
15209234
-12341864
5291049
4183
-41366580
43475609
91951616
23212552
-6726394
26467487
-256
663565
3080704
-21812437
1516237
49379809
-4569
-14118820
30171443
-3082757
-1123
43688021
-44363939
11066137
14091062
802515
-65354606
-36131472
-6976719
42994483
-16608004
2900200
15649746
-21093517
-4883919
-25249079
9857212
-29221578
36588995
11642333
-27083569
-14358135
20989731
12975956
-21563005
12098308
-46059334
-24444544
4229433
57513469
-54606485
-2119
13955965
172359
43162180
70812054
-13193225
18235576
-25163428
11445155
-20890735
-42429390
-30088214
1046748
29886377
912375
64886538
-19323250
26176693
-6249407
27729656
-11837319
49735581
-59080668
16036468
44208901
-15652564
-44712666
-41444096
-47080997
40572841
-37838678
-37261005
-100995
4942219
48626479
-27035653
14509179
18625203
16672027
50317469
3096274
4393502
-28456979
-9210380
-23502531
-29215894
-86343578
-44860201
-35561336
-54559090
23179529
38890385
-139
-48836746
-11076101
-359818
19063117
-9505116
5180097
-29523564
-40900883
-19635103
-45060249
10012205
-53538247
90039147
-16355313
-37248262
-17780565
31497930
47440387
-11439943
27774705
59467904
61439030
-25672608
-5795083
-43295616
-5427070
-11685505
-9368671
53755666
-663738
-70268989
-7796525
-813
-9324319
-4248
-3242251
-10765325
39649502
-26438304
-14831331
57169271
16088127
34085360
-4433374
-3731872
137725
68456438
-32229028
-14815595
65229041
3132783
-32823342
50050673
14766179
7143131
-57014561
17534021
-12173566
-33666294
-3251187
81254950
-24966645
15234758
7666905
31874544
-68367702
19012364
-11808413
63778507
-11911359
26903188
-7855000
-22052436
11781346
686273
-41417763
-28869358
-9391929
-2151892
-1324385
30316878
6835227
30983931
-32925031
-21076525
-1387089
-20735324
28862857
-31907527
20464883
51352319
-11042460
-25475386
-16477345
-22560636
12154237
-1133111
-1888392
-49185196
10072140
25044680
43138524
-19667983
-30001071
-12920001
69178449
-1494764
7786118
62630431
-11838244
-31047105
-42469441
-962343
17900956
33495707
-73399383
-36479744
33723132
-24602747
-28773804
37380440
-12236759
52556335
-28222127
42008317
-18352048
36581727
-70477633
-56796156
-11826457
-5883679
-17795348
-6194725
17281718
-9793679
34314053
67890463
72021346
-35964025
60362388
-28665227
-63400998
67052848
5083552
40089756
42663983
68803082
-7960201
-40249505
20648130
18531051
-20830720
25943223
50324694
-168324
-9043110
57615396
6969163
-22027299
-50855015
29352624
557558
-7335203
-25551119
-8093695
29095392
-19096214
5026012
-55877074
21013401
-32816202
-1484
4723435
23244558
-2864960
-10688306
36549957
25097624
21723570
-29853524
-36912603
-31341576
-14488636
22605176
15668083
-32051581
8216397
-19007390
6699513
41521293
-64820803
21586066
-1587231
-15845287
-17953958
39206912
-5534960
-21514918
29141836
-6182502
-13328630
22924236
23951511
-2963675
-11231791
-19661592
3217757
6499738
8577664
-49109957
-11031500
5529283
18386167
-51960500
235355
-33356421
26756248
-18336080
-30672631
-16281241
-21949785
-17982333
39532312
-36204385
-15190879
44026544
81667864
10868416
-15986022
48255283
-40248538
38516983
-28676090
-3295421
88699635
-2121952
-9263547
60867034
30479208
-4570363
36723330
-25699744
-23236774
-47190336
12405282
47901785
-7886729
-2286309
26720846
55888573
8992325
-8651865
41782462
-85124966
40485912
9595718
-31048150
12402778
3045915
-34352634
26275522
19030085
-44017709
-54763137
398736
31784449
20065746
28424093
-1675687
-7573462
-5443146
-19903561
-25223213
-34096604
53360539
55721894
51728055
6358199
-11158571
-27093523
-22418172
40390088
2404444
14127547
-50813506
-5650714
18992033
38151771
7405016
-17056677
7592533
-32265316
-9567551
-50441330
-6605505
-47150983
-73399506
-21334914
51589700
-50003796
29787500
-2157655
-51368342
-12116854
19802292
-10280428
5432012
44996940
-37229880
1656121
67806542
1178559
26710742
-11016538
-70526743
29257204
-24117182
16340926
-34518326
26788248
9234799
46351297
24604660
17461351
17531327
-6627680
12280984
-4117995
-9687162
49419410
41003
-31511662
8573092
-14908086
16703819
2468204
24319877
67859615
-35860713
15903703
64947049
1745
-56285074
32386356
-36982719
-71563228
44036718
-682764
-32547196
-31674875
-29212831
-67535167
1936291
9094023
-36707278
45367099
12428235
13581215
33906517
-27513588
47852934
-915594
-51504792
-5318812
11447010
16147306
-48287302
20633908
-3731887
-30713315
11185966
23619148
-14398161
20205965
17895942
799500
9462546
-66214697
31895410
16175395
-24911408
-16612411
-43876096
-7729160
72391736
-36810779
5215383
-30961263
39936294
32988675
461103
7344741
55862951
75022408
-51124852
-27988343
16339075
-26451650
21256301
-30065694
-15876111
Second to third layer connections:
54985506
8096702
11881367
10702059
-42414404
-22249828
54715065
14715135
-65077983
-23647810
5295690
-13817682
-16106654
5338564
20318252
43902783
66222429
34908837
-2653669
-8520486
19665886
-7885953
-660456
-25068807
-7175798
-34184781
-15066146
26033521
-6055930
-20845176
-30845543
-8900339
-15160983
-5386042
33485390
41460510
41146074
1618959
-36212065
24150150
6853340
-14946334
-6820081
10870522
-24973805
-23633478
28908309
47127983
45021069
11501947
-9087685
-20397038
-24505386
32202271
-6008793
22389505
47480022
-71031258
30158725
-4118079
18534042
-10363230
37978175
39286736
39830565
12149853
-64574463
65929415
22339372
-69845156
11696986
15614293
24966979
15888395
-8275169
63803994
22677751
17159894
-30128210
6306043
40331569
-11131107
37124733
-105264834
4305962
-15284320
-44450373
-30860410
68329155
5162162
9197587
16070534
-19272108
2714311
23427183
15233118
-30810944
-1134287
18716175
70247449
41164658
7132989
-20710065
13819728
-1819272
66730199
-46417806
-16677168
9661209
-66181804
47811360
26657682
-25663779
-43216080
-17839232
48562944
-34184251
14480686
-30949142
10043056
11964399
77695791
-9967510
1471307
51529408
-17980764
13660423
112461
Third to fourth layer connections:
-16656363
-12179770
11639729
45811893
-28336209
-9757999
-34728909
-59921785
-49998557
19894168
17102539
57919520
-10374770
-37375215
-12061752
-67684779
-43174336
2535974
19696838
766881
-26002272
46393502
-61600728
57191776
-8272579
35228265
-79296910
-3766670
981435
23991886
18191727
-26934847
Fourth to fifth layer connections:
71579550
57539758
-13766158
-26151520
10684497
4131153
20573697
-46639890
Fifth to sixth layer connections:
-245742
-17124078
