First to second layer connections:
4715268
-3926679
211591
-88
11087498
-18671684
5691811
3802306
-3085472
1322760
1050
-10341643
10868907
22987908
5803135
-1681600
6616872
-58
165896
770180
-5453110
379059
12344960
-1143
-3529712
7542854
-770691
-286
10922012
-11090988
2766531
3522764
200634
-16338653
-9032869
-1744182
10748626
-4151999
725047
3912437
-5273377
-1220976
-6312270
2464301
-7305396
9147244
2910580
-6770889
-3589533
5247429
3243993
-5390748
3024575
-11514834
-6111136
1057361
14378371
-13651623
-535
3488993
43100
10790554
17703006
-3298312
4558895
-6290856
2861285
-5222678
-10607349
-7522055
261684
7471600
228096
16221632
-4830811
6544170
-1562353
6932418
-2959333
12433894
-14770164
4009114
11052225
-3913136
-11178171
-10361020
-11770250
10143208
-9459667
-9315247
-25249
1235553
12156625
-6758915
3627294
4656309
4168005
12579372
774069
1098371
-7114241
-2302594
-5875637
-7303980
-21585888
-11215050
-8890334
-13639767
5794878
9722590
-29
-12209189
-2769025
-89956
4765779
-2376281
1295030
-7380892
-10225216
-4908781
-11265066
2503055
-13384565
22509786
-4088827
-9312066
-4445138
7874480
11860098
-2859985
6943677
14866982
15359751
-6418157
-1448772
-10823901
-1356769
-2921380
-2342167
13438916
-165938
-17567249
-1949124
-204
-2331086
-1066
-810563
-2691333
9912371
-6609576
-3707832
14292316
4022040
8521341
-1108340
-932973
34428
17114109
-8057263
-3703905
16307259
783197
-8205840
12512673
3691540
1785786
-14253637
4383504
-3043392
-8416571
-812805
20313739
-6241658
3808686
1916723
7968630
-17091924
4753092
-2952099
15944629
-2977840
6725794
-1963751
-5513107
2945333
171567
-10354437
-7217335
-2347986
-537969
-331092
7579217
1708801
7745985
-8231256
-5269131
-346774
-5183835
7215715
-7976881
5116217
12838079
-2760615
-6368850
-4119336
-5640156
3038560
-283281
-472098
-12296299
2518034
6261171
10784622
-4916996
-7500263
-3229995
17294617
-373697
1946529
15657607
-2959564
-7761777
-10617360
-240588
4475239
8373931
-18349850
-9119932
8430785
-6150688
-7193445
9345110
-3059193
13139083
-7055524
10502083
-4588013
9145434
-17619405
-14199036
-2956619
-1470915
-4448833
-1548674
4320425
-2448415
8578513
16972624
18005334
-8991006
15090595
-7166311
-15850248
16763209
1270882
10022440
10666003
17200774
-1990046
-10062374
5162035
4632766
-5207677
6485807
12581178
-42082
-2260779
14403856
1742293
-5506824
-12713752
7338156
139387
-1833800
-6387780
-2023426
7273844
-4774047
1256496
-13969271
5253345
-8204050
-360
1180861
5811147
-716244
-2672085
9137486
6274408
5430896
-7463376
-9228155
-7835398
-3622160
5651292
3917018
-8012900
2054107
-4751853
1674884
10380323
-16205199
5396508
-396811
-3961322
-4488488
9801729
-1383743
-5378727
7285459
-1545624
-3332156
5731055
5987878
-740920
-2807947
-4915395
804445
1624929
2144412
-12277496
-2757873
1382324
4596543
-12990127
58839
-8339101
6689067
-4584025
-7668162
-4070311
-5487446
-4495580
9883078
-9051089
-3797721
11006636
20416966
2717102
-3996501
12063822
-10062133
9629243
-7169022
-823851
22174911
-530488
-2315895
15216763
7619803
-1142584
9180834
-6424938
-5809196
-11797586
3101324
11975441
-1971684
-571582
6680209
13972140
2248076
-2162965
10445618
-21281237
10121471
2398924
-7762039
3100694
761490
-8588155
6568878
4757520
-11004419
-13690780
99684
7946120
5016444
7106019
-418923
-1893362
-1360786
-4975887
-6305804
-8524156
13340134
13930469
12932008
1589548
-2789643
-6773376
-5604547
10097523
601110
3531887
-12703373
-1412677
4748011
9537947
1851248
-4264170
1898137
-8066333
-2391890
-12610335
-1651383
-11787746
-18349873
-5333727
12897421
-12500951
7446867
-539414
-12842085
-3029214
4950576
-2570110
1358004
11249236
-9307475
414030
16951632
294645
6677684
-2754134
-17631684
7314297
-6029298
4085228
-8629575
6697059
2308694
11587820
6151158
4365340
4382832
-1656921
3070244
-1029493
-2421793
12354850
10250
-7877906
2143274
-3727028
4175956
617046
6079972
16964908
-8965171
3975923
16236764
436
-14071271
8096590
-9245676
-17890806
11009186
-170685
-8136790
-7918714
-7303213
-16883792
484082
2273496
-9176816
11341769
3107056
3395312
8476627
-6878397
11963238
-228897
-12876203
-1329705
2861747
4036828
-12071827
5158477
-932975
-7678335
2796494
5904787
-3599541
5051489
4473990
199870
2365636
-16553667
7973854
4043849
-6227851
-4153100
-10969017
-1932293
18097934
-9202699
1303855
-7740313
9984074
8247170
115271
1836182
13965741
18755604
-12781214
-6997087
4084769
-6612917
5314078
-7516425
-3969025
Second to third layer connections:
13746379
2024178
2970337
2675509
-10603599
-5562461
13678762
3678778
-16269500
-5911954
1323928
-3454415
-4026658
1334643
5079552
10975699
16555611
8727218
-663419
-2130121
4916472
-1971486
-165110
-6267205
-1793944
-8546189
-3766525
6508382
-1513983
-5211286
-7711387
-2225090
-3790243
-1346504
8371345
10365126
10286521
404739
-9053018
6037538
1713333
-3736587
-1705019
2717622
-6243448
-5908370
7227073
11781996
11255272
2875486
-2271919
-5099260
-6126348
8050567
-1502198
5597371
11870008
-17757814
7539679
-1029512
4633511
-2590802
9494534
9821686
9957648
3037466
-16143616
16482351
5584843
-17461294
2924245
3903573
6241742
3972106
-2068794
15950997
5669443
4289978
-7532054
1576510
10082886
-2782783
9281184
-26316215
1076497
-3821079
-11112602
-7715097
17082290
1290541
2299395
4017638
-4818028
678572
5856798
3808274
-7702735
-283574
4679038
17561867
10291164
1783252
-5177514
3454937
-454817
16682553
-11604450
-4169293
2415305
-16545450
11952833
6664420
-6415947
-10804025
-4459810
12140744
-8546065
3620171
-7737285
2510764
2991099
19423945
-2491879
367829
12882354
-4495187
3415110
28109
Third to fourth layer connections:
-4164096
-3044942
2909933
11452972
-7084051
-2439501
-8682231
-14980444
-12499643
4973545
4275637
14479879
-2593688
-9343807
-3015440
-16921194
-10793588
633991
4924208
191716
-6500569
11598377
-15400183
14297943
-2068140
8807068
-19824235
-941664
245362
5997963
4547927
-6733714
Fourth to fifth layer connections:
17894891
14384940
-3441537
-6537876
2671119
1032790
5143429
-11659973
Fifth to sixth layer connections:
-61437
-4281016
