First to second layer connections:
294699
-245419
13222
-7
692970
-1166980
355741
237641
-192840
82672
68
-646353
679310
1436747
362694
-105099
413552
126338
10371
48138
-340820
23690
771564
-70
-220605
471430
-48170
-16
682624
-693186
172907
220173
12535
-1021168
-564549
-109012
671784
-259498
45315
244530
-329589
-76306
-394517
154024
-456586
571702
181912
-423178
-224344
327962
202751
-336924
189036
-719677
-381950
66084
898649
-853225
-33
218063
2691
674408
1106438
-206147
284934
-393174
178829
-326422
-662961
-470126
16360
466975
14258
1013855
-301922
409010
-97643
433278
-184957
777115
-923135
250572
690765
-244574
-698640
-647566
-735635
633950
-591234
-582205
-1581
77220
759790
-422430
226698
291018
260496
786217
48380
68644
-444641
-143912
-367229
-456501
-1349117
-700941
-555645
-852487
362180
607658
-2
-763074
-173062
-5623
297858
-148519
80936
-461301
-639077
-306802
-704063
156444
-836535
1406863
-255552
-582003
-277819
492154
741256
-178749
433980
929186
959977
-401134
-90549
-676496
-84799
-182584
-146385
839935
-10371
-1097955
-121820
-12
-145694
-66
-50659
-168212
619521
-413101
-231736
893266
251377
532585
-69269
-58310
2151
1069633
-503580
-231495
1019205
48952
-512867
782039
230720
111608
-890852
273970
-190214
-526034
-50797
1269607
-390105
238045
119800
498045
-1068244
297066
-184504
996540
-186118
420361
-122737
-344571
184083
10725
-647151
-451082
-146748
-33620
-20698
473700
106799
484125
-514454
-329324
-21677
-323990
450981
-498551
319766
802382
-172539
-398053
-257462
-352514
189910
-17705
-29506
-768517
157374
391325
674036
-307314
-468768
-201876
1080911
-23356
121658
978600
-184974
-485110
-663586
-15031
279703
523376
-1146869
-569997
526927
-384413
-449590
584068
-191202
821192
-440966
656378
-286750
571591
-1101215
-887442
-184789
-91932
-278048
-96793
270029
-153025
536154
1060790
1125336
-561938
943166
-447889
-990639
1047700
79427
626397
666625
1075046
-124375
-628896
322626
289548
-325478
405364
786320
-2628
-141296
900234
108893
-344175
-794608
458633
8706
-114610
-399235
-126464
454616
-298382
78532
-873080
328337
-512753
-21
73807
363195
-44760
-167004
571085
392154
339430
-466463
-576755
-489710
-226386
353206
244812
-500808
128383
-296996
104679
648773
-1012822
337283
-24802
-247584
-280530
612609
-86482
-336169
455339
-96605
-208259
358190
374240
-46310
-175498
-307210
50280
101557
134026
-767343
-172366
86396
287288
-811889
3679
-521193
418063
-286499
-479257
-254391
-342963
-280980
617694
-565692
-237361
687915
1276063
169822
-249783
753984
-628886
601831
-448061
-51488
1385936
-33154
-144744
951046
476236
-71412
573804
-401563
-363076
-737349
193835
748465
-123234
-35722
417513
873258
140501
-135184
652854
-1330080
632594
149934
-485130
193790
47588
-536761
410556
297349
-687777
-855673
6233
496634
313526
444123
-26181
-118334
-85050
-310991
-394113
-532758
833756
870652
808253
99345
-174348
-423339
-350283
631091
37570
220742
-793962
-88291
296751
596126
115701
-266506
118636
-504145
-149497
-788145
-103210
-736734
-1146866
-333358
806087
-781309
465430
-33715
-802633
-189326
309407
-160633
84877
703074
-581714
25880
1059476
18419
417354
-172132
-1101982
457139
-376835
255326
-539353
418565
144294
724238
384448
272831
273927
-103550
191887
-64338
-151360
772180
639
-492365
133954
-232938
261000
38568
379999
1060307
-560324
248495
1014798
27
-879461
506039
-577858
-1118174
688073
-10669
-508549
-494917
-456449
-1055235
30256
142093
-573549
708861
194192
212205
529787
-429896
747702
-14309
-804766
-83103
178861
252301
-754489
322406
-58310
-479897
174775
369048
-224970
315714
279625
12493
147850
-1034607
498361
252744
-389241
-259568
-685565
-120768
1131121
-575171
81489
-483767
624002
515449
7202
114761
872856
1172227
-798827
-437315
255300
-413305
332130
-469775
-248065
Second to third layer connections:
859144
126507
185646
167217
-662724
-347654
854922
229927
-1016843
-369495
82745
-215903
-251666
83418
317473
685980
1034721
545451
-41465
-133128
307280
-123221
-10320
-391697
-112122
-534138
-235408
406774
-94621
-325703
-481963
-139067
-236891
-84156
523208
647820
642907
25293
-565811
377344
107083
-233538
-106566
169858
-390214
-369272
451690
736376
703453
179719
-141992
-318704
-382897
503164
-93891
349838
741876
-1109864
471233
-64344
289596
-161922
593411
613857
622353
189840
-1008980
1030149
349053
-1091329
182765
243971
390111
248255
-129294
996938
354341
268119
-470754
98529
630182
-173924
580075
-1644761
67277
-238815
-694538
-482194
1067648
80664
143713
251101
-301129
42410
366053
238019
-481416
-17724
292443
1097620
643195
111455
-323595
215933
-28426
1042658
-725278
-260577
150953
-1034090
747050
416532
-400994
-675246
-278734
758799
-534128
226260
-483581
156920
186945
1213992
-155740
22987
805150
-280950
213445
1758
Third to fourth layer connections:
-260255
-190311
181869
715809
-442750
-152470
-542640
-936274
-781224
310848
267228
904989
-162111
-583987
-188466
-1057574
-674603
39628
307761
11982
-406282
724898
-962517
893619
-129258
550442
-1239011
-58853
15335
374872
284248
-420862
Fourth to fifth layer connections:
1118428
899057
-215097
-408614
166947
64549
321466
-728751
Fifth to sixth layer connections:
-3844
-267561
