First to second layer connections:
73684
-61363
3304
56697
173237
-291750
88934
59406
-48212
20663
18
-161588
169828
359185
90675
-26271
103386
-31587
2598
12033
-85204
5921
192894
-17
-55149
117857
-12045
-1
170653
-173297
43226
55048
3144
-255301
-141147
-27254
167943
-64876
11331
61130
-82395
-19079
-98630
38502
-114147
142931
45468
-105791
-56089
81997
50687
-84236
47257
-179921
-95492
16521
224664
-213301
-7
54515
667
168610
276603
-51533
71226
-98299
44697
-81598
-165740
-117529
4093
116740
3561
253473
-75487
102250
-24408
108326
-46240
194278
-230784
62638
172701
-61142
-174659
-161892
-183915
158483
-147805
-145551
-396
19303
189942
-105606
56678
72759
65121
196551
12100
17166
-111161
-35974
-91812
-114121
-337279
-175237
-138913
-213117
90545
151914
2
-190769
-43258
-1407
74463
-37132
20231
-115323
-159764
-76706
-176013
39111
-209135
351725
-63889
-145501
-69457
123036
185311
-44697
108492
232294
239996
-100291
-22634
-169121
-21201
-45648
-36602
209985
-2598
-274489
-30453
10364
-36421
-23
-12662
-42054
154881
-103273
-57937
223324
62846
133142
-17318
-14568
533
267410
-125889
-57870
254798
12234
-128224
195519
57682
27904
-222716
68486
-47562
-131512
-12695
317397
-97532
59522
29952
124510
-267059
74270
-46127
249131
-46524
105087
-30682
-86151
46020
2680
-161796
-112770
-36688
-8407
-5177
118425
26701
121032
-128618
-82334
-5411
-80999
112752
-124637
79933
200599
-43133
-99509
-64368
-88129
47486
-4423
-7373
-192135
39338
97825
168507
-76827
-117181
-50462
270231
-5836
30419
244644
-46242
-121278
-165897
-3757
69927
130859
-286721
-142497
131734
-96090
-112390
146018
-47804
205301
-110242
164095
-71691
142898
-275308
-221853
-46195
-22982
-69518
-24200
67506
-38262
134043
265206
281337
-140481
235781
-111968
-247664
261916
19862
156593
166648
268758
-31090
-157218
80664
72386
-81366
101332
196577
-660
-35318
225053
27227
-86045
-198653
114662
2178
-28645
-99804
-31615
113657
-74597
19637
-218266
82086
-128187
-8
18445
90801
-11195
-41752
142774
98038
84865
-116609
-144190
-122431
-56607
88299
61203
-125211
32090
-74246
26164
162190
-253213
84313
-6200
-61897
-70124
153156
-21620
-84035
113842
-24158
-52061
89547
93556
-11573
-43873
-76799
12572
25385
33503
-191839
-43092
21590
71827
-202973
918
-130294
104518
-71614
-119816
-63597
-85743
-70253
154431
-141419
-59333
171977
319010
42454
-62445
188506
-157222
150452
-112015
-12869
346487
-8291
-36187
237764
119057
-17853
143453
-100393
-90769
-184326
48451
187115
-30810
-8932
104381
218320
35124
-33798
163216
-332513
158149
37487
-121280
48447
11901
-134196
102644
74340
-171949
-213919
1558
124163
78390
111034
-6552
-29589
-21252
-77749
-98530
-133181
208432
217666
202053
24852
-43578
-105836
-87572
157771
9389
55186
-198486
-22073
74190
149037
28928
-66624
29654
-126031
-37377
-197037
-25792
-184188
-286719
-83343
201518
-195332
116363
-8427
-200662
-47326
77356
-40164
21223
175772
-145426
6476
264867
4601
104347
-43037
-275496
114290
-94214
63828
-134841
104637
36065
181056
96119
68207
68477
-25884
47972
-16084
-37842
193036
158
-123094
33487
-58234
65253
9633
94998
265080
-140075
62129
253699
-67736
-219863
126507
-144473
-279541
172019
-2666
-127136
-123720
-114116
-263808
7565
35521
-143386
177219
48544
53053
132448
-107470
186921
-3581
-201191
-20785
44719
63079
-188619
80600
-14585
-119974
43695
92266
-56240
78930
69908
3117
36975
-258652
124584
63183
-97309
-64888
-171385
-30198
282783
-143793
20378
-120941
155998
128860
1803
28687
218217
293056
-199704
-109324
63817
-103323
83034
-117442
-62019
Second to third layer connections:
214787
31632
46416
41803
-165682
-86915
213728
57480
-254214
-92368
20689
-53976
-62916
20856
79370
171492
258680
136357
-10358
-33282
76819
-30806
-2577
-97929
-28030
-133532
-58853
101693
-23651
-81425
-120493
-34762
-59226
-21048
130798
161951
160724
6322
-141455
94342
26773
-58385
-26646
42470
-97549
-92320
112915
184100
175864
44932
-35500
-79673
-95728
125792
-23474
87458
185464
-277464
117810
-16084
72402
-40480
148342
153475
155582
47460
-252247
257536
87267
-272835
45686
60994
97525
62067
-32318
249230
88594
67020
-117691
24626
157551
-43476
145016
-411191
16822
-59702
-173634
-120547
266905
20158
35934
62768
-75281
10606
91512
59501
-120360
-4428
73109
274399
160807
27870
-80895
53980
-7115
260668
-181318
-65152
37743
-258516
186766
104133
-100249
-168809
-69678
189697
-133527
56561
-120895
39223
46733
303495
-38940
5751
201294
-70246
53364
441
Third to fourth layer connections:
-65068
-47579
45464
178950
-110683
-38122
-135658
-234071
-195312
77714
66809
226238
-40521
-145999
-47115
-264403
-168654
9908
76938
2992
-101572
181226
-240617
223399
-32314
137616
-309757
-14714
3836
93718
71072
-105220
Fourth to fifth layer connections:
279598
224764
-53772
-102156
41738
16142
80365
-182194
Fifth to sixth layer connections:
-961
-66899
