First to second layer connections:
147350
-122710
6605
-7
346486
-583484
177876
118815
-96417
41335
37
-323182
339655
718366
181347
-52554
206774
-63172
5190
24071
-170409
11848
385782
-38
-110304
235718
-24093
-2
341315
-346593
86455
110081
6269
-510592
-282271
-54504
335886
-129746
22657
122261
-164793
-38157
-197259
77001
-228290
285854
90952
-211588
-112174
163982
101382
-168467
94517
-359844
-190971
33039
449330
-426613
-19
109033
1342
337207
553220
-103072
142466
-196588
89410
-163208
-331476
-235060
8182
233479
7120
506930
-150965
204502
-48825
216649
-92479
388555
-461564
125278
345382
-122288
-349323
-323785
-367816
316977
-295625
-291107
-790
38606
379891
-211218
113348
145509
130246
393105
24195
34326
-222322
-71954
-183613
-228249
-674557
-350469
-277817
-426241
181090
303829
5
-381538
-86527
-2811
148930
-74260
40468
-230649
-319536
-153400
-352034
78219
-418271
703433
-127785
-290992
-138907
246073
370629
-89381
216987
464593
479990
-200567
-45275
-338244
-42401
-91294
-73190
419968
-5186
-548977
-60911
-20733
-72848
-32
-25332
-84106
309761
-206553
-115875
446637
125685
266285
-34637
-29160
1082
534818
-251792
-115756
509597
24475
-256439
391021
115360
55812
-445426
136979
-95108
-263019
-25397
634798
-195056
119020
59904
249021
-534117
148533
-92247
498270
-93057
210176
-61371
-172285
92039
5360
-323579
-225544
-73376
-16812
-10352
236849
53395
242065
-257226
-164662
-10837
-161997
225489
-249275
159880
401185
-86270
-199021
-128728
-176262
94961
-8854
-14746
-384263
78686
195661
337018
-153655
-234385
-100937
540452
-11672
60831
489304
-92491
-242552
-331790
-7519
139858
261695
-573434
-284998
263462
-192201
-224788
292029
-95607
410598
-220485
328187
-143377
285794
-550609
-443715
-92397
-45961
-139022
-48398
135016
-76516
268076
530396
562669
-280971
471584
-223948
-495320
523845
39711
313199
333315
537520
-62190
-314442
161311
144771
-162735
202676
393158
-1314
-70648
450113
54448
-172089
-397300
229318
4355
-57301
-199617
-63229
227317
-149197
39264
-436535
164171
-256378
-6
36897
181608
-22376
-83497
285550
196074
169719
-233223
-288378
-244855
-113195
176594
122409
-250409
64191
-148497
52339
324383
-506411
168642
-12396
-123795
-140263
306306
-43243
-168081
227675
-48300
-104127
179095
187123
-23152
-87749
-153598
25145
50782
67015
-383673
-86180
43190
143640
-405940
1838
-260593
209027
-143248
-239626
-127192
-171486
-140493
308851
-282849
-118674
343955
638031
84903
-124891
376992
-314442
300912
-224036
-25745
692972
-16577
-72375
475529
238122
-35703
286906
-200782
-181534
-368673
96910
374230
-61616
-17862
208757
436630
70250
-67596
326427
-665037
316300
74973
-242562
96897
23788
-268382
205280
148680
-343890
-427834
3117
248322
156767
222062
-13093
-59165
-42522
-155490
-197054
-266380
416875
435327
404128
49675
-87169
-211669
-175139
315542
18784
110372
-396980
-44144
148375
298065
57854
-133257
59316
-252070
-74749
-394075
-51603
-368368
-573436
-166683
403043
-390662
232716
-16854
-401319
-94655
154702
-80313
42437
351539
-290853
12938
529737
9210
208681
-86066
-550990
228578
-188421
127663
-269672
209284
72146
362114
192232
136413
136965
-51776
95940
-32170
-75675
386086
322
-246186
66976
-116467
130496
19278
190006
530158
-280158
124248
507397
6
-439730
253024
-288932
-559093
344037
-5330
-254270
-247463
-228223
-527622
15128
71047
-286770
354432
97089
106098
264893
-214948
373847
-7152
-402378
-41549
89434
126149
-377244
161196
-29156
-239945
87391
184530
-112480
157859
139810
6244
73931
-517306
249186
126370
-194619
-129779
-342780
-60385
565561
-287586
40746
-241882
311994
257724
3604
57379
436429
586115
-399413
-218654
127650
-206654
166067
-234884
-124033
Second to third layer connections:
429577
63255
92819
83606
-331356
-173831
427456
114966
-508422
-184743
41373
-107952
-125835
41703
158740
342990
517354
272729
-20732
-66560
153639
-61613
-5161
-195854
-56061
-267070
-117699
203390
-47310
-162855
-240987
-69531
-118443
-42079
261599
323909
321454
12646
-282908
188678
53538
-116769
-53283
84931
-195106
-184637
225838
368189
351724
89858
-70998
-159351
-191450
251579
-46940
174919
370941
-554931
235612
-32172
144801
-80960
296706
306936
311177
94921
-504486
515073
174530
-545672
91373
121988
195061
124130
-64644
498467
177170
134048
-235381
49260
315092
-86959
290032
-822380
33639
-119411
-347271
-241098
533826
40327
71854
125549
-150562
21205
183032
119011
-240713
-8867
146220
548809
321597
55731
-161793
107964
-14208
521330
-362643
-130290
75470
-517040
373523
208262
-200501
-337622
-139364
379401
-267061
113132
-241790
78451
93474
606996
-77871
11493
402575
-140480
106731
883
Third to fourth layer connections:
-130128
-95155
90931
357901
-221371
-76234
-271321
-468137
-390621
155421
133617
452490
-81055
-291997
-94234
-528790
-337302
19813
153883
5991
-203147
362450
-481253
446807
-64628
275220
-619505
-29428
7669
187432
142128
-210426
Fourth to fifth layer connections:
559214
449529
-107546
-204305
83477
32276
160734
-364372
Fifth to sixth layer connections:
-1914
-133782
