First to second layer connections:
589404
-490838
26443
-12
1385932
-2333957
711478
475284
-385678
165348
131
-1292706
1358619
2873491
725393
-210196
827104
-3
20738
96277
-681641
47384
1543122
-142
-441215
942858
-96340
-35
1365249
-1386368
345814
440348
25074
-2042333
-1129098
-218022
1343569
-518997
90626
489064
-659174
-152614
-789029
308045
-913172
1143404
363823
-846360
-448688
655922
405504
-673846
378066
-1439359
-763902
132165
1797300
-1706452
-64
436127
5386
1348814
2212873
-412295
569864
-786349
357657
-652840
-1325916
-940253
32718
933945
28515
2027706
-603849
818023
-195291
866556
-369917
1554238
-1846272
501145
1381531
-489145
-1397276
-1295131
-1471274
1267897
-1182465
-1164403
-3165
154439
1519582
-844863
453403
582036
520995
1572428
96756
137294
-889281
-287827
-734459
-913000
-2698232
-1401882
-1111290
-1704973
724361
1215316
-1
-1526149
-346124
-11248
595722
-297038
161873
-922604
-1278152
-613600
-1408129
312885
-1673075
2813724
-511104
-1164010
-555639
984307
1482512
-357494
867963
1858372
1919960
-802270
-181098
-1352987
-169597
-365168
-292772
1679871
-20737
-2195909
-243638
-25
-291393
-130
-101317
-336421
1239042
-826202
-463476
1786538
502756
1065166
-138540
-116624
4305
2139261
-1007160
-462992
2038413
97901
-1025731
1564080
461440
223222
-1781705
547939
-380426
-1052065
-101594
2539217
-780212
476091
239601
996087
-2136485
594135
-369010
1993080
-372229
840727
-245475
-689139
368171
21445
-1294303
-902162
-293498
-67244
-41386
947400
213599
968247
-1028906
-658643
-43353
-647977
901960
-997104
639527
1604762
-345077
-796104
-514918
-705028
379816
-35405
-59005
-1537031
314749
782649
1348071
-614630
-937532
-403751
2161823
-46708
243315
1957202
-369952
-970219
-1327172
-30067
559408
1046752
-2293735
-1139991
1053850
-768832
-899177
1168137
-382407
1642387
-881934
1312760
-573494
1143181
-2202426
-1774881
-369572
-183867
-556094
-193584
540055
-306053
1072309
2121583
2250668
-1123872
1886334
-895781
-1981281
2095397
158858
1252796
1333253
2150097
-248751
-1257788
645252
579096
-650962
810730
1572642
-5256
-282594
1800471
217788
-688354
-1589219
917269
17412
-229220
-798467
-252930
909228
-596764
157064
-1746162
656670
-1025508
-43
147614
726389
-89525
-334005
1142174
784308
678858
-932927
-1153512
-979421
-452775
706412
489627
-1001618
256765
-593989
209362
1297547
-2025648
674568
-49602
-495167
-561064
1225216
-172969
-672338
910674
-193205
-416518
716379
748483
-92620
-350993
-614426
100556
203118
268050
-1534686
-344734
172788
574572
-1623774
7354
-1042383
836130
-573002
-958513
-508787
-685931
-561955
1235390
-1131384
-474718
1375829
2552126
339637
-499565
1507972
-1257771
1203657
-896125
-102983
2771869
-66310
-289488
1902094
952474
-142826
1147609
-803125
-726152
-1474697
387669
1496928
-246463
-71448
835023
1746518
281004
-270366
1305705
-2660153
1265188
299867
-970262
387579
95181
-1073525
821108
594700
-1375553
-1711347
12464
993265
627052
888250
-52363
-236666
-170098
-621987
-788233
-1065515
1667510
1741301
1616503
198691
-348698
-846675
-700565
1262188
75139
441486
-1587923
-176581
593507
1192250
231403
-533016
237270
-1008289
-298989
-1576295
-206416
-1473471
-2293735
-666710
1612176
-1562612
930860
-67428
-1605267
-378651
618817
-321267
169750
1406152
-1163431
51756
2118951
36837
834708
-344266
-2203961
914276
-753666
510649
-1078702
837128
288588
1448477
768893
545667
547851
-207107
383773
-128678
-302716
1544360
1275
-984732
267904
-465876
522001
77133
759999
2120617
-1120646
496989
2029599
53
-1758915
1012075
-1155710
-2236350
1376146
-21339
-1017097
-989840
-912899
-2110467
60510
284187
-1147099
1417718
388381
424410
1059583
-859794
1495401
-28617
-1609531
-166210
357719
504608
-1508978
644811
-116620
-959789
349554
738101
-449941
631430
559248
24984
295701
-2069216
996725
505483
-778481
-519134
-1371124
-241535
2262241
-1150339
162982
-967536
1248001
1030895
14404
229520
1745714
2344450
-1597650
-874629
510594
-826610
664261
-939549
-496131
Second to third layer connections:
1718291
253017
371296
334437
-1325451
-695311
1709842
459851
-2033688
-738995
165488
-431808
-503332
166836
634944
1371963
2069446
1090900
-82932
-266255
614560
-246438
-20636
-783393
-224245
-1068276
-470821
813544
-189248
-651409
-963926
-278130
-473782
-168313
1046420
1295637
1285813
50592
-1131622
754690
214163
-467078
-213126
339708
-780428
-738542
903383
1472756
1406905
359438
-283986
-637410
-765799
1006324
-187781
699677
1483754
-2219728
942463
-128688
579187
-323849
1186821
1227719
1244707
379681
-2017954
2060296
698104
-2182662
365526
487944
780223
496513
-258592
1993877
708678
536241
-941510
197061
1260362
-347850
1160151
-3289525
134559
-477636
-1389076
-964391
2135296
161330
287425
502207
-602252
84824
732103
476039
-962835
-35449
584886
2195236
1286393
222903
-647195
431862
-56851
2085316
-1450557
-521159
301908
-2068176
1494102
833058
-801984
-1350496
-557468
1517596
-1068260
452519
-967165
313839
373887
2427984
-311484
45977
1610299
-561898
426888
3512
Third to fourth layer connections:
-520510
-380623
363742
1431623
-885504
-304940
-1085278
-1872550
-1562451
621697
534455
1809981
-324223
-1167980
-376934
-2115146
-1349200
79253
615526
23960
-812573
1449801
-1925027
1787239
-258517
1100881
-2478025
-117706
30670
749747
568496
-841722
Fourth to fifth layer connections:
2236856
1798115
-430190
-817225
333901
129098
642933
-1457500
Fifth to sixth layer connections:
-7687
-535123
