First to second layer connections:
301777505
-251307156
13541794
-5487
709599997
-1194987711
364275823
243347739
-197469839
84656784
66918
-661865309
695609745
1471225878
371400925
-107622324
423479758
-4095
10616997
49291184
-348998943
24259769
790076965
-73125
-225901091
482743108
-49324100
-17990
699008354
-709823040
177058209
225457003
12840276
-1045673727
-578103535
-111627480
687911760
-265728060
46403226
250395960
-337496308
-78142760
-403985228
157715376
-467545274
585423923
186277366
-433337104
-229730179
335835735
207615271
-345008104
193572959
-736949367
-391112665
67670954
920215425
-873703765
-33892
223295550
2757768
690594893
1132992833
-211091592
291769278
-402614866
183122478
-334251766
-678870280
-481411457
16747968
478182091
14597989
1038184599
-309171960
418827038
-99990474
443674567
-189397149
795769372
-945290680
256583483
707342499
-250441011
-715402692
-663105550
-753295934
649165468
-605418772
-596176099
-1615817
79075532
778023666
-432570490
232146793
298003317
266752442
805079551
49540405
70296017
-455311667
-147366030
-376040529
-467454333
-1381497241
-717763225
-568981356
-872945463
370872430
622246130
-2208
-781388054
-177217616
-5757081
305009849
-152081850
82881623
-472377025
-654414088
-314161614
-720964027
160195230
-856611968
1440626351
-261685022
-595972261
-284489029
503966876
759046259
-183039182
444395268
951486397
983024475
-410761688
-92721373
-692729873
-86833107
-186968020
-149898800
860090708
-10619840
-1124303854
-124744385
-12996
-149189060
-67977
-51875958
-172245192
634391972
-423012833
-237301255
914708343
257410055
545365743
-70933912
-59709928
2203661
1095302959
-515664454
-237049515
1043664676
50124590
-525173492
800810787
236258842
114290030
-912232987
280544325
-194776939
-538660722
-52018903
1300079142
-399466327
243756099
122670427
509992754
-1093883205
304197761
-188934614
1020456118
-190581697
430451003
-125680017
-352839010
188501562
10980381
-662684243
-461909749
-150270872
-34430254
-21190220
485070039
109363601
495742893
-526800552
-337224357
-22193396
-331765187
461805647
-510520437
327438094
821637074
-176679360
-407606232
-263637517
-360970180
194467795
-18129753
-30214258
-786963119
161154245
400714814
690216411
-314687692
-480017172
-206719983
1106855169
-23916243
124577947
1002086948
-189411866
-496753653
-679511064
-15397467
286415245
535931381
-1174390188
-583675963
539570154
-393643961
-460380904
598087068
-195788163
840901334
-451553967
672133082
-293632743
585307628
-1127642103
-908738532
-189223296
-94138851
-284725558
-99115603
276507547
-156698823
549024847
1086247428
1152341593
-575424382
965798250
-458643643
-1014415998
1072845543
81336860
641436130
682623759
1100849367
-127363202
-643992125
330370104
296496824
-333291541
415091573
805195066
-2693163
-144689801
921846354
111506596
-352436793
-813680258
469641937
8920995
-117363221
-408817904
-129499151
465526299
-305539425
80416163
-894033185
336214377
-525059222
-23716
75574949
371912875
-45839325
-171012880
584799292
401561983
347577177
-477656342
-590601646
-501465208
-231818143
361682876
250689303
-512825328
131462360
-304118195
107192243
664340631
-1037132815
345377044
-25395700
-253524613
-287263261
627310549
-88559284
-344238753
466269366
-98919971
-213258096
366787813
383224215
-47418793
-179708568
-314585413
51484151
103995810
137242607
-785759331
-176503950
88468524
294178653
-831368053
3765668
-533702791
428099932
-293377253
-490762118
-260499837
-351196537
-287717301
632517006
-579270190
-243054119
704424730
1306685783
173894674
-255776360
772084513
-643976597
616271733
-458817488
-52726763
1419194162
-33951291
-148216741
973872616
487667313
-73125847
587573309
-411195945
-371788342
-755045431
198484538
766428579
-126187652
-36580962
427533572
894217152
143877289
-138429815
668519311
-1361999465
647774595
153531522
-496770352
198444471
48734650
-549642133
420408400
304481345
-704283314
-876210177
6379812
508551226
321051901
454785460
-26810979
-121175420
-87090280
-318456979
-403571363
-545545710
853768660
891550325
827648901
101731230
-178537128
-433496370
-358690766
646241397
38471140
226040766
-813016124
-90411420
303872492
610428384
118480182
-272906847
121480522
-516245062
-153080830
-807061297
-105688095
-754415640
-1174392037
-341358561
825435180
-800060724
476600052
-34522424
-821893464
-193869653
316836645
-164486857
86912180
719951020
-595678058
26497966
1084904629
18856974
427371861
-176264554
-1128427951
468115281
-385874913
261454894
-552293228
428611984
147756797
741620679
393674603
279381603
280501287
-106042911
196495762
-65887931
-154994541
790710583
656041
-504186636
137169489
-238529387
267261100
39491293
389118046
1085753815
-573771338
254459281
1039152745
27975
-900561192
518181715
-591723462
-1145011616
704587521
-10924222
-520755122
-506797985
-467405318
-1080562639
30980704
145504396
-587316457
725873570
198851754
217299518
542504316
-440217475
765646963
-14649522
-824076690
-85101109
183152126
258356899
-772596846
330142458
-59710194
-491413058
178975479
377906379
-230370571
323295452
286335129
12792015
151400796
-1059435189
510326537
258806285
-398582492
-265798567
-702017527
-123666603
1158267740
-588972480
83446155
-495380200
638980787
527818812
7377698
117515873
893807181
1200358554
-817997671
-447813485
261425199
-423226414
340100827
-481051123
-254017782
Second to third layer connections:
879768054
129547178
190101802
171232930
-678630458
-355997224
875441003
235442133
-1041247721
-378364969
84731068
-221082854
-257706464
85417061
325092007
702444497
1059558897
558541379
-42458741
-136327739
314654152
-126175266
-10567285
-401100956
-114812753
-546956540
-241058359
416536343
-96894937
-333522791
-493528699
-142405444
-242575726
-86176661
535766233
663368150
658337174
25903397
-579393061
386402342
109653436
-239141374
-109121393
173928342
-399580887
-378135625
462533005
754047730
720337108
184031138
-145402941
-326352573
-392086175
515236294
-96140666
358232093
759680312
-1136500109
482539591
-65889258
296544685
-165811723
607650791
628587791
637289059
194397662
-1033191407
1054870601
357429912
-1117522551
187151770
249828657
399471643
254214279
-132402665
1020863841
362844033
274558317
-482051316
100896719
645305144
-178097656
593995752
-1684237438
68895382
-244549106
-711205994
-493766533
1093266506
82594582
147161508
257128592
-308353738
43428911
374834919
243729829
-492975061
-18148595
299458747
1123959221
658634488
114127804
-331361069
221115614
-29108290
1067683204
-742684913
-266834696
154579261
-1058908851
764981728
426522909
-410620496
-691457323
-285427744
777007066
-546947985
231691018
-495186305
160688914
191430350
1243132620
-159480142
23540933
824470554
-287692190
218566811
1799358
Third to fourth layer connections:
-266501876
-194876340
186235693
732990360
-453379340
-156127996
-555662537
-958748580
-799976885
318306639
273640609
926712364
-165996390
-598003431
-192988137
-1082956485
-690789390
40575567
315149437
12270147
-416036370
742296041
-985611639
915068432
-132361274
563652281
-1268750511
-60266782
15702976
383870107
291067613
-430957590
Fourth to fifth layer connections:
1145272800
920636150
-220258530
-418424342
170952022
66098479
329179172
-746238151
Fifth to sixth layer connections:
-3931893
-273985182
