First to second layer connections:
2357634
-1963338
105799
-42
5543751
-9335841
2845907
1901152
-1542740
661378
526
-5170821
5434454
11493957
2901568
-840800
3308434
-30
82948
385091
-2726557
189534
6172479
-573
-1764859
3771429
-385349
-141
5461005
-5545493
1383265
1761379
100312
-8169328
-4516433
-872092
5374315
-2075998
362522
1956218
-2636689
-610489
-3156132
1232153
-3652694
4573623
1455288
-3385444
-1794767
2623715
1621994
-2695372
1512287
-5757420
-3055566
528682
7189184
-6825809
-266
1744500
21546
5395272
8851507
-1649158
2279446
-3145430
1430643
-2611338
-5303671
-3761022
130843
3735799
114047
8110816
-2415408
3272088
-781175
3466210
-1479667
6216946
-7385082
2004559
5526113
-1956569
-5589082
-5180511
-5885122
5071604
-4729831
-4657625
-12623
617779
6078312
-3379458
1813646
2328154
2084000
6289684
387037
549186
-3557124
-1151298
-2937817
-3651989
-10792946
-5607524
-4445165
-6819885
2897439
4861298
-14
-6104596
-1384510
-44980
2382891
-1188145
647515
-3690446
-5112611
-2454388
-5632537
1251525
-6692286
11254890
-2044417
-4656032
-2222568
3937241
5930049
-1429990
3471840
7433488
7679877
-3209076
-724386
-5411948
-678384
-1460689
-1171085
6719459
-82968
-8783626
-974562
-104
-1165547
-533
-405281
-1345670
4956185
-3304786
-1853914
7146158
2011021
4260671
-554173
-466486
17214
8557051
-4028631
-1851953
8153627
391597
-4102917
6256336
1845766
892891
-7126820
2191753
-1521698
-4208283
-406400
10156869
-3120830
1904343
958365
3984312
-8545962
2376550
-1476050
7972315
-1488920
3362900
-981876
-2756549
1472667
85785
-5177220
-3608669
-1173993
-268985
-165548
3789607
854401
3872995
-4115627
-2634565
-173387
-2591917
3607854
-3988438
2558105
6419042
-1380307
-3184427
-2059665
-2820074
1519280
-141635
-236050
-6148149
1259015
3130584
5392311
-2458500
-3750132
-1614998
8647308
-186845
973263
7828804
-1479782
-3880886
-5308682
-120291
2237618
4186967
-9174929
-4559966
4215391
-3075346
-3596723
4672557
-1529592
6569544
-3527760
5251039
-2294004
4572718
-8809703
-7099518
-1478308
-735460
-2224413
-774339
2160211
-1224210
4289256
8486310
9002668
-4495505
7545298
-3583155
-7925126
8381606
635443
5011217
5333001
8600385
-995026
-5031190
2581018
2316384
-2603839
3242901
6290589
-21042
-1130389
7201933
871147
-2753414
-6356873
3669078
69697
-916899
-3193888
-1011711
3636918
-2387026
628248
-6984634
2626670
-4102024
-184
590429
2905569
-358122
-1336040
4568744
3137204
2715448
-3731689
-4614077
-3917697
-1811083
2825648
1958509
-4006449
1027056
-2375924
837442
5190162
-8102598
2698258
-198405
-1980661
-2244247
4900866
-691871
-2689368
3642732
-772814
-1666079
2865529
2993937
-370456
-1403974
-2457698
402223
812463
1072204
-6138747
-1378935
691162
2298272
-6495063
29420
-4169554
3344532
-2292013
-3834080
-2035159
-2743722
-2247795
4941538
-4525544
-1898860
5503315
10208483
1358550
-1998250
6031909
-5031066
4814621
-3584506
-411928
11087454
-265244
-1157947
7608380
3809901
-571289
4590417
-3212469
-2904599
-5898793
1550664
5987721
-985841
-285791
3340103
6986071
1124035
-1081479
5222807
-10640618
5060735
1199463
-3881020
1550347
380745
-4294077
3284439
2378764
-5502209
-6845386
49841
3973056
2508219
3553010
-209459
-946684
-680391
-2487948
-3152903
-4262075
6670064
6965233
6466008
794773
-1394818
-3386688
-2802276
5048762
300558
1765941
-6351683
-706341
2374003
4768974
925627
-2132088
949069
-4033169
-1195946
-6305170
-825688
-5893872
-9174936
-2666862
6448709
-6250475
3723432
-269707
-6421042
-1514608
2475285
-1285054
679000
5624615
-4653738
207011
8475815
147325
3338840
-1377070
-8815842
3657154
-3014653
2042616
-4314789
3348531
1154347
5793910
3075581
2182670
2191412
-828460
1535124
-514748
-1210899
6177427
5124
-3938956
1071636
-1863518
2087980
308523
3039987
8482453
-4482586
1987961
8118385
218
-7035633
4048296
-4622837
-8945403
5504598
-85343
-4068395
-3959359
-3651607
-8441893
242042
1136747
-4588407
5670885
1553531
1697652
4238316
-3439198
5981619
-114450
-6438104
-664850
1430875
2018416
-6035914
2579241
-466489
-3839168
1398243
2952395
-1799770
2525746
2236992
99936
1182819
-8276835
3986929
2021926
-3113924
-2076548
-5484505
-966149
9048968
-4601346
651931
-3870159
4992037
4123582
57635
918092
6982871
9377804
-6390605
-3498544
2042385
-3306459
2657039
-3758212
-1984514
Second to third layer connections:
6873190
1012087
1485169
1337756
-5301799
-2781228
6839382
1839389
-8134750
-2955978
661966
-1727210
-2013332
667321
2539776
5487851
8277804
4363608
-331711
-1065059
2458234
-985746
-82556
-3133603
-896969
-4273094
-1883266
3254189
-756992
-2605645
-3855691
-1112541
-1895123
-673251
4185673
5182564
5143263
202367
-4526509
3018771
856666
-1868294
-852511
1358811
-3121724
-2954188
3613536
5890995
5627638
1437743
-1135957
-2549630
-3063172
4025284
-751096
2798686
5935001
-8878907
3769837
-514756
2316758
-1295399
4747270
4910846
4978821
1518732
-8071808
8241177
2792420
-8730649
1462122
1951785
3120872
1986049
-1034396
7975501
2834720
2144988
-3766024
788253
5041446
-1391394
4640590
-13158108
538250
-1910539
-5556304
-3857550
8541145
645270
1149696
2008819
-2409012
339286
2928398
1904135
-3851364
-141784
2339520
8780937
5145587
891626
-2588759
1727471
-227405
8341278
-5802226
-2084644
1207652
-8272725
5976419
3332209
-3207974
-5402008
-2229906
6070375
-4273031
1810086
-3868643
1255381
1495549
9711969
-1245940
183916
6441178
-2247592
1707556
14055
Third to fourth layer connections:
-2082047
-1522473
1454965
5726487
-3542028
-1219749
-4341116
-7490223
-6249819
2486775
2137817
7239939
-1296849
-4671905
-1507718
-8460597
-5396792
316996
2462102
95859
-3250284
5799190
-7700090
7148970
-1034069
4403531
-9912119
-470831
122680
2998985
2273966
-3366860
Fourth to fifth layer connections:
8947445
7192472
-1720768
-3268937
1335561
516395
2571711
-5829988
Fifth to sixth layer connections:
-30722
-2140508
