First to second layer connections:
9210
-7664
420
-7082
21642
-36476
11117
7426
-6028
2580
0
-20198
21231
44905
11331
-3279
12927
-3954
319
1505
-10646
742
24114
8327
-6901
14736
-1500
5530
21322
-21661
5407
6886
398
-31914
-17642
-3410
20997
-8114
1420
7641
-10296
-2386
-12333
4812
-14268
17867
5685
-13224
-7007
10252
6337
-10529
5916
-22498
-11935
2066
28087
-26656
3
6812
88
21075
34580
-6445
8915
-12287
5588
-10199
-20712
-14687
513
14588
445
31694
-9440
12784
-3047
13536
-5781
24286
-28850
7825
21590
-7640
-21829
-20241
-22983
19816
-18468
-18197
-48
2409
23744
-13208
7083
9103
8136
24566
1517
2154
-13896
-4502
-11469
-14270
-42161
-21903
-17359
-26635
11323
18995
-1141
-23843
-5405
-177
9303
-4640
2529
-14409
-19973
-9588
-22000
4884
-26143
43962
-7982
-18185
-8681
15376
23163
-5577
13556
29033
30000
-12541
-2820
-21146
-2641
-5716
-4575
26245
-328
-34313
-3810
1309
-4549
1666
-1587
-5256
19359
-12906
-7239
27913
7857
16638
-2176
-1818
67
33421
-15732
-7230
31852
1523
-16022
24443
7211
3487
-27835
8556
-5944
-16442
-1584
39681
-12189
7434
3743
15563
-33387
9281
-5759
31137
-5811
13142
-3836
-10769
5752
330
-20229
-14100
-4579
-1046
-639
14798
3340
15126
-16083
-10296
-676
-10118
14092
-15585
10005
25070
-5389
-12443
-8048
-11015
5939
-558
-923
-24018
4919
12231
21072
-9597
-14649
-6304
33784
-736
3804
30574
-5781
-15158
-20736
-480
8741
16351
-35835
-17812
16473
-12010
-14042
18255
-5973
25662
-13778
20513
-8958
17861
-34413
-27728
-5778
-2871
-8694
-3016
8436
-4793
16754
33151
35170
-17564
29472
-13998
-30961
32738
2478
19575
20841
33587
-3887
-19651
10082
9047
-10172
12661
24585
-84
-4427
28126
3408
-10754
-24830
14328
273
-3582
-12480
-3949
14211
-9321
2452
-27286
10262
-16019
11234
2305
11353
-1406
-5212
17844
12251
10610
-14579
-18020
-15304
-7071
11030
7649
-15660
4017
-9282
3263
20275
-31638
10537
-774
-7724
-8769
19154
-2702
-10508
14233
-3030
-6506
11184
11694
-1446
-5484
-9596
1561
3167
4190
-23974
-5385
2697
8981
-25380
122
-16287
13066
-8949
-14979
-7949
-10714
-8784
19297
-17678
-7420
21495
39877
5312
-7808
23559
-19655
18814
-14001
-1612
43315
-1038
-4517
29723
14889
-2233
17934
-12541
-11350
-23038
6051
23386
-3854
-1115
13044
27283
4399
-4224
20409
-41567
19773
4690
-15162
6055
1490
-16773
12829
9294
-21487
-26746
198
15523
9802
13874
-818
-3702
-2654
-9719
-12321
-16640
26048
27212
25258
3106
-5447
-13231
-10948
19721
1170
6909
-24808
-2756
9269
18622
3611
-8327
3713
-15751
-4669
-24634
-3226
-23022
-35843
-10415
25199
-24416
14540
-1046
-25076
-5915
9669
-5021
2662
21972
-18171
816
33115
571
13049
-5383
-34431
14290
-11780
7981
-16850
13081
4511
22632
12017
8520
8565
-3233
5994
-2008
-4730
24126
12
-15385
4183
-7276
8156
1206
11875
33135
-17512
7764
31711
8470
-27482
15812
-18053
-34942
21493
-333
-15890
-15469
-14261
-32972
945
4448
-17918
22157
6067
6632
16556
-13439
23367
-448
-25148
-2599
5593
7879
-23580
10081
-1819
-15000
5461
11523
-7041
9865
8744
389
4626
-32331
15565
7899
-12168
-8111
-21419
-3770
35349
-17973
2551
-15118
19486
16105
224
3586
27273
36629
-24966
-13661
7980
-12921
10380
-14678
-7752
Second to third layer connections:
26859
3950
5803
5217
-20709
-10856
26714
7192
-31765
-11555
2587
-6741
-7869
2613
9923
21434
32331
17051
-1287
-4163
9599
-3853
-323
-12248
-3501
-16692
-7356
12707
-2959
-10180
-15069
-4343
-7403
-2634
16348
20242
20086
793
-17678
11788
3347
-7294
-3340
5316
-12191
-11544
14108
23016
21992
5619
-4428
-9953
-11961
15724
-2927
10933
23186
-34681
14722
-2005
9055
-5065
18548
19175
19450
5936
-31531
32195
10908
-34101
5704
7621
12192
7749
-4040
31146
11074
8381
-14706
3073
19697
-5436
18126
-51401
2099
-7453
-21705
-15065
33358
2519
4492
7840
-9418
1332
11437
7434
-15049
-550
9144
34307
20093
3478
-10109
6743
-893
32588
-22668
-8143
4719
-32314
23354
13022
-12526
-21092
-8706
23710
-16691
7079
-15112
4904
5835
37934
-4874
716
25174
-8785
6677
56
Third to fourth layer connections:
-8121
-5949
5690
22362
-13829
-4768
-16957
-29253
-24426
9720
8351
28274
-5069
-18254
-5886
-33047
-21077
1238
9621
382
-12697
22654
-30077
27934
-4042
17201
-38724
-1837
476
11717
8884
-13156
Fourth to fifth layer connections:
34951
28096
-6724
-12764
5218
2018
10038
-22774
Fifth to sixth layer connections:
-116
-8362
