First to second layer connections:
9430547
-7853353
423181
-165
22175002
-37343361
11383626
7604614
-6170939
2645523
2098
-20683290
21737815
45975814
11606266
-3363198
13233744
-125
331786
1540357
-10906219
758120
24689911
-2296
-7059409
15085716
-1541382
-567
21844017
-22181966
5533063
7045531
401262
-32677309
-18065738
-3488360
21497243
-8303999
1450094
7824876
-10546757
-2441968
-12624545
4928614
-14610785
18294496
5821167
-13541785
-7179064
10494859
6487975
-10781501
6049154
-23029671
-12222269
2114718
28756731
-27303242
-1066
6977986
86186
21581094
35406015
-6596614
9117790
-12581710
5722579
-10445369
-21214692
-15044103
523371
14943188
456188
32443272
-9661622
13088345
-3124706
13864822
-5918654
24867790
-29540328
8018232
22104450
-7826281
-22356334
-20722046
-23540503
20286423
-18919337
-18630504
-50494
2471107
24313246
-13517826
7254590
9312604
8336013
25158739
1548130
2196755
-14228489
-4605185
-11751268
-14607956
-43171785
-22430095
-17780676
-27279547
11589763
19445185
-63
-24418377
-5538050
-179909
9531561
-4752563
2590056
-14761787
-20450437
-9817550
-22530128
5006102
-26769126
45019572
-8177664
-18624130
-8890285
15748961
23720188
-5719968
13887349
29733950
30719513
-12836301
-2897543
-21647808
-2713529
-5842752
-4684339
26877839
-331874
-35134498
-3898252
-409
-4662164
-2123
-1621129
-5382666
19824756
-13219146
-7415670
28584637
8044067
17042680
-2216688
-1865939
68854
34228220
-16114518
-7407802
32614519
1566389
-16411672
25025340
7383093
3571564
-28507277
8767012
-6086789
-16833138
-1625593
40627473
-12483316
7617376
3833448
15937274
-34183848
9506177
-5904200
31889260
-5955680
13451592
-3927507
-11026220
5890668
343127
-20708879
-14434675
-4695970
-1075946
-662193
15158439
3417611
15491973
-16462519
-10538264
-693548
-10367666
14431430
-15953760
10232435
25676161
-5521229
-12737695
-8238671
-11280320
6077124
-566556
-944197
-24592599
5036064
12522340
21569257
-9833995
-15000534
-6459998
34589226
-747390
3893058
31315220
-5919126
-15523551
-21234721
-481173
8950482
16747852
-36699692
-18239875
16861566
-12301378
-14386897
18690226
-6118383
26278166
-14111061
21004163
-9176020
18290870
-35238817
-28398083
-5913234
-2941837
-8897671
-3097356
8640850
-4896836
17157032
33945242
36010667
-17982015
30181196
-14332624
-31700497
33526416
2541775
20044880
21331996
34401541
-3980105
-20124756
10324068
9265526
-10415359
12971614
25162351
-84164
-4521553
28807699
3484585
-11013646
-25427509
14676310
278772
-3667600
-12775570
-4046842
14547697
-9548103
2513003
-27938539
10506703
-16408098
-738
2361718
11622282
-1432479
-5344157
18274973
12548811
10861786
-14926753
-18456299
-15670785
-7244316
11302588
7834039
-16025798
4108201
-9503686
3349763
20760641
-32410390
10793025
-793612
-7922644
-8976977
19603460
-2767475
-10757459
14570924
-3091250
-6664314
11462113
11975760
-1481842
-5615893
-9830803
1608884
3249865
4288832
-24554980
-5515746
2764648
9193088
-25980249
117675
-16678205
13378128
-9168044
-15336319
-8140623
-10974888
-8991166
19766157
-18102190
-7595438
22013269
40833937
5434207
-7993005
24127641
-20124268
19258486
-14338046
-1647710
44349820
-1060974
-4631778
30433523
15239604
-2285178
18361668
-12849872
-11618383
-23595172
6202644
23950892
-3943361
-1143158
13360423
27944282
4496159
-4325931
20891229
-42562484
20242957
4797853
-15524075
6201387
1522963
-17176314
13137761
9515034
-22008853
-27381566
199365
15892224
10032879
14212043
-837851
-3786733
-2721567
-9951778
-12611613
-17048301
26680268
27860942
25864026
3179104
-5579285
-13546756
-11209094
20195046
1202219
7063775
-25406748
-2825358
9496018
19075889
3702510
-8528340
3796270
-16132656
-4783774
-25220665
-3302758
-23575495
-36699749
-10667458
25794846
-25001897
14893742
-1078830
-25684167
-6058426
9901144
-5140220
2716006
22498472
-18614941
828061
33903263
589278
13355367
-5508266
-35263369
14628603
-12058587
8170462
-17259161
13394131
4617396
23175647
12302322
8730675
8765657
-3313840
6140489
-2059003
-4843591
24709697
20504
-15755828
4286545
-7454041
8351912
1234098
12159941
33929813
-17930351
7951854
32473526
872
-28142536
16193174
-18491357
-35781611
22018363
-341375
-16273595
-15837434
-14606417
-33767585
968151
4547013
-18353637
22683548
6214122
6790610
16953258
-13756795
23926467
-457798
-25752403
-2659414
5723502
8073657
-24143651
10316955
-1865947
-15356666
5592983
11809574
-7199078
10102985
8947966
399751
4731271
-33107350
15947704
8087700
-12455702
-8306208
-21938046
-3864578
36195868
-18405393
2607691
-15480629
19968150
16494343
230549
3672369
27931478
37511205
-25562426
-13994176
8169530
-13225835
10628147
-15032851
-7938058
Second to third layer connections:
27492748
4048357
5940683
5351027
-21207206
-11124906
27357526
7357559
-32538991
-11823906
2647851
-6908839
-8053323
2669283
10159120
21951391
33111216
17454425
-1326830
-4260238
9832941
-3942981
-330226
-12534406
-3587896
-17092391
-7533075
13016759
-3027961
-10422588
-15422776
-4450171
-7580494
-2693019
16742692
20730257
20573036
809479
-18106039
12075076
3426679
-7473173
-3410041
5435254
-12486898
-11816740
14454146
23563991
22510541
5750975
-4543842
-10198519
-12252701
16101136
-3004392
11194749
23740014
-35515623
15079362
-2059028
9267021
-5181611
18989083
19643369
19915285
6074933
-32287230
32964705
11169688
-34922580
5848489
7807148
12483486
7944205
-4137584
31901993
11338882
8579954
-15064105
3153023
20165780
-5565560
18562365
-52632418
2152989
-7642158
-22225196
-15430206
34164580
2581082
4598791
8035264
-9636057
1357155
11713593
7616551
-15405471
-567144
9358089
35123730
20582329
3566492
-10355028
6909868
-909631
33365094
-23208903
-8338579
4830603
-33090901
23905670
13328833
-12831896
-21608046
-8919619
24281475
-17092128
7240340
-15474576
5021527
5982198
38847891
-4983758
735658
25764702
-8990384
6830214
56227
Third to fourth layer connections:
-8328182
-6089885
5819871
22905949
-14168108
-4879000
-17364453
-29960891
-24999286
9947089
8551266
28959756
-5187382
-18687607
-6030877
-33842387
-21587169
1267990
9848419
383438
-13001134
23196754
-30800361
28595879
-4136282
17614125
-39648461
-1883336
490711
11995938
9095861
-13467427
Fourth to fifth layer connections:
35789782
28769878
-6883076
-13075754
5342244
2065578
10286852
-23319945
Fifth to sixth layer connections:
-122878
-8562036
