First to second layer connections:
37722184
-31413398
1692729
-689
88699997
-149373464
45534482
30418464
-24683729
10582096
8365
-82733164
86951218
183903232
46425110
-13452790
52934976
-510
1327129
6161403
-43624870
3032469
98759619
-9138
-28237639
60342884
-6165517
-2245
87376044
-88727881
22132270
28182123
1605035
-130709215
-72262943
-13953433
85988966
-33216007
5800405
31299491
-42187038
-9767839
-50498153
19714424
-58443157
73177994
23284668
-54167137
-28716268
41979461
25951908
-43126013
24196618
-92118667
-48889085
8458864
115026929
-109212969
-4238
27911934
344718
86324360
141624107
-26386447
36471158
-50326858
22890312
-41781471
-84858784
-60176427
2093496
59772755
1824751
129773076
-38646499
52353382
-12498815
55459319
-23674639
99471169
-118161332
32072936
88417807
-31305124
-89425335
-82888192
-94161992
81145683
-75677352
-74522010
-201979
9884438
97252960
-54071311
29018354
37250414
33344052
100634942
6192546
8787000
-56913960
-18420752
-47005062
-58431792
-172687156
-89720406
-71122676
-109118181
46359057
77780771
-280
-97673499
-22152208
-719632
38126234
-19010233
10360192
-59047126
-81801760
-39270203
-90120501
20024412
-107076495
180078292
-32710630
-74496528
-35561130
62995860
94880778
-22879892
55549410
118935804
122878060
-51345218
-11590169
-86591235
-10854139
-23371006
-18737345
107511337
-1327478
-140537980
-15593049
-1623
-18648639
-8494
-6484502
-21530653
79299000
-52876609
-29662663
114338542
32176258
68170722
-8866744
-7463743
275452
136912872
-64458052
-29631189
130458083
6265571
-65646686
100101343
29532358
14286260
-114029123
35068039
-24347126
-67332590
-6502365
162509893
-49933290
30469513
15333808
63749093
-136735398
38024725
-23616822
127557017
-23822713
53806377
-15709999
-44104871
23562689
1372547
-82835528
-57738718
-18783856
-4303785
-2648775
60633755
13670460
61967857
-65850063
-42153051
-2774183
-41470645
57725707
-63815056
40929764
102704635
-22084917
-50950776
-32954690
-45121272
24308475
-2266220
-3776782
-98370391
20144286
50089356
86277049
-39335961
-60002140
-25840003
138356898
-2989534
15572239
125260862
-23676487
-62094211
-84938885
-1924681
35801912
66991422
-146798771
-72959494
67446265
-49205493
-57547608
74760879
-24473516
105112666
-56444250
84016635
-36704096
73163452
-140955266
-113592315
-23652913
-11767351
-35590699
-12389448
34563439
-19587359
68628108
135780931
144042696
-71928049
120724779
-57330449
-126801996
134105696
10167107
80179516
85327970
137606166
-15920398
-80499013
41296261
37062103
-41661443
51886448
100649386
-336643
-18086221
115230792
13938322
-44054598
-101710031
58705241
1115120
-14670406
-51102235
-16187393
58190785
-38192432
10052021
-111754149
42026798
-65632401
-2969
9446869
46489113
-5729922
-21376610
73099911
50195248
43447148
-59707040
-73825204
-62683153
-28977270
45210359
31336166
-64103162
16432797
-38014774
13399025
83042582
-129641605
43172136
-3174462
-31690573
-35907910
78413822
-11069909
-43029840
58283667
-12364999
-26657263
45848477
47903027
-5927348
-22463577
-39323181
6435516
12999477
17155333
-98219916
-22062999
11058567
36772326
-103921004
470713
-66712844
53512494
-36672157
-61345263
-32562479
-43899569
-35964665
79064625
-72408767
-30381759
88053090
163335726
21736831
-31972049
96510568
-80497071
77033963
-57352183
-6590836
177399273
-4243906
-18527096
121734074
60958414
-9140731
73446658
-51399490
-46473543
-94380672
24810565
95803574
-15773456
-4572620
53441696
111777143
17984655
-17303728
83564919
-170249933
80971826
19191438
-62096300
24805553
6091828
-68705272
52551048
38060173
-88035416
-109526271
797475
63568899
40131492
56848182
-3351376
-15146926
-10886290
-39807118
-50446425
-68193213
106721083
111443786
103456110
12716401
-22317144
-54187045
-44836349
80780176
4808893
28255093
-101627010
-11301426
37984063
76303542
14810026
-34113352
15185065
-64530634
-19135099
-100882659
-13211007
-94301959
-146799005
-42669820
103179397
-100007592
59575007
-4315307
-102736682
-24233712
39604584
-20560855
10864026
89993880
-74459758
3312247
135613082
2357122
53421488
-22033072
-141053495
58514412
-48234362
32681855
-69036647
53576496
18469596
92702588
49209323
34922696
35062655
-13255363
24561968
-8235986
-19374321
98838820
82007
-63023327
17146187
-29816173
33407637
4936405
48639753
135719230
-71721423
31807401
129894094
3496
-112570150
64772711
-73965434
-143126456
88073441
-1365524
-65094391
-63349750
-58425663
-135070331
3872585
18188048
-73414555
90734195
24856476
27162438
67813034
-55027184
95705868
-1831191
-103009587
-10637631
22894018
32294608
-96574607
41267812
-7463774
-61426631
22371932
47238302
-28796322
40411930
35791889
1598999
18925098
-132429395
63790816
32350786
-49822814
-33224825
-87752192
-15458326
144783473
-73621565
10430769
-61922524
79872592
65977354
922211
14689488
111725901
150044816
-102249710
-55976688
32678154
-52903301
42512602
-60131389
-31752220
Second to third layer connections:
109971007
16193400
23762734
21404118
-84828810
-44499653
109430129
29430272
-130155965
-47295620
10591383
-27635363
-32213310
10677133
40636504
87805568
132444866
69817671
-5307344
-17040971
39331772
-15771909
-1320912
-50137614
-14351593
-68369564
-30132293
52067043
-12111860
-41690353
-61691090
-17800674
-30321964
-10772085
66970777
82921022
82292143
3237923
-72424132
48300300
13706680
-29892669
-13640169
21741041
-49947607
-47266956
57816620
94255971
90042139
23003896
-18175366
-40794076
-49010772
64404538
-12017583
44779009
94960038
-142062515
60317452
-8236153
37068084
-20726459
75956351
78573479
79661128
24299708
-129148927
131858823
44678742
-139690318
23393969
31228582
49933952
31776789
-16550334
127607984
45355498
34319786
-60256418
12612089
80663138
-22262214
74249467
-210529677
8611925
-30568636
-88900748
-61720817
136658308
10324325
18395182
32141072
-38544215
5428616
46854367
30466236
-61621885
-2268579
37432345
140494899
82329316
14265972
-41420131
27639452
-3638546
133460397
-92835613
-33354334
19322415
-132363607
95622713
53315369
-51327560
-86432163
-35678464
97125884
-68368503
28961377
-61898286
20086113
23928797
155391579
-19935015
2942616
103058817
-35961525
27320850
224919
Third to fourth layer connections:
-33312727
-24359542
23279462
91623783
-56672415
-19515999
-69457818
-119843577
-99997112
39788335
34205080
115839040
-20749546
-74750431
-24123512
-135369556
-86348675
5071954
39393681
1533768
-52004545
92787005
-123201454
114383555
-16545158
70456538
-158593818
-7533342
1962868
47983766
36383449
-53869694
Fourth to fifth layer connections:
143159101
115079515
-27532318
-52303042
21368997
8262303
41147396
-93279771
Fifth to sixth layer connections:
-491484
-34248154
