First to second layer connections:
150888752
-125653576
6770899
-2742
354799999
-597493856
182137908
121673865
-98734920
42328393
33456
-330932654
347804871
735612936
185700462
-53811162
211739879
-2049
5308502
24645596
-174499471
12129883
395038481
-36563
-112950541
241371553
-24662050
-8992
349504175
-354911523
88529105
112728500
6420139
-522836864
-289051768
-55813743
343955879
-132864025
23201612
125197979
-168748153
-39071379
-201992611
78857687
-233772635
292711963
93138684
-216668549
-114865089
167917865
103807635
-172504054
96786483
-368474684
-195556331
33835477
460107714
-436851883
-16948
111647774
1378886
345297443
566496420
-105545798
145884638
-201307433
91561239
-167125885
-339435136
-240705729
8373983
239091045
7298993
519092300
-154585980
209413520
-49995238
221837285
-94698576
397884686
-472645340
128291742
353671249
-125220506
-357701345
-331552778
-376647966
324582732
-302709386
-298088049
-807910
39537765
389011831
-216285246
116073400
149001661
133376226
402539774
24770206
35148009
-227655831
-73683015
-188020263
-233727167
-690748622
-358881614
-284490679
-436472730
185436215
311123066
-1104
-390694027
-88608811
-2878540
152504923
-76040925
41440808
-236188512
-327207042
-157080808
-360482018
80097615
-428305983
720313175
-130842509
-297986132
-142244517
251983438
379523128
-91519592
222197635
475743201
491512241
-205380845
-46360687
-346364936
-43416554
-93484009
-74949400
430045353
-5309922
-562151926
-62372192
-6494
-74594531
-33988
-25937980
-86122595
317195988
-211506419
-118650628
457354169
128705029
272682871
-35466954
-29854961
1101831
547651481
-257832228
-118524759
521832338
25062297
-262586746
400405392
118129420
57145014
-456116496
140272164
-97388473
-269330359
-26009450
650039570
-199733163
121878048
61335215
254996380
-546941602
152098878
-94467305
510228059
-95290850
215225503
-62840012
-176419506
94250779
5490191
-331342127
-230954874
-75135435
-17215127
-10595113
242535020
54681802
247871444
-263400276
-168612179
-11096702
-165882594
230902826
-255260219
163719046
410818540
-88339682
-203803119
-131818758
-180485089
97233899
-9064879
-15107131
-393481560
80577118
200357406
345108204
-157343844
-240008583
-103359994
553427586
-11958122
62288970
501043473
-94705938
-248376826
-339755535
-7698736
143207623
267965689
-587195096
-291837981
269785078
-196821982
-230190452
299043532
-97894083
420450670
-225776983
336066542
-146816369
292653813
-563821053
-454369267
-94611651
-47069424
-142362778
-49557803
138253776
-78349410
274512424
543123716
576170795
-287712192
482899129
-229321820
-507208002
536422771
40668431
320718065
341311880
550424680
-63681601
-321996059
165185052
148248409
-166645773
207545787
402597536
-1346582
-72344899
460923173
55753301
-176218394
-406840129
234820970
4460498
-58681612
-204408954
-64749578
232763150
-152769710
40208078
-447016590
168107190
-262529609
-11862
37787476
185956439
-22919662
-85506437
292399649
200780988
173788587
-238828174
-295300822
-250732605
-115909071
180841441
125344651
-256412664
65731181
-152059099
53596123
332170312
-518566409
172688524
-12697851
-126762306
-143631630
313655274
-44279642
-172119375
233134683
-49459988
-106629046
183393904
191612107
-23709399
-89854283
-157292706
25742078
51997904
68621305
-392879664
-88251974
44234263
147089327
-415684026
1882834
-266851394
214049965
-146688625
-245381062
-130249921
-175598268
-143858653
316258506
-289635093
-121527060
352212365
653342893
86947336
-127888181
386042256
-321988296
308135866
-229408745
-26363379
709597082
-16975645
-74108369
486936310
243833657
-36562922
293786651
-205597974
-185894169
-377522717
99242270
383214293
-63093830
-18290478
213766787
447108577
71938644
-69214907
334259654
-680999732
323887298
76765763
-248385178
99222234
24367325
-274821070
210204201
152240672
-352141656
-438105091
3189903
254275608
160525953
227392730
-13405489
-60587711
-43545140
-159228489
-201785684
-272772856
426884328
445775163
413824452
50865618
-89268565
-216748187
-179345382
323120701
19235569
113020387
-406508061
-45205711
151936249
305214193
59240089
-136453426
60740260
-258122531
-76540416
-403530649
-52844048
-377207822
-587196017
-170679280
412717592
-400030365
238300026
-17261212
-410946733
-96934822
158418324
-82243430
43456089
359975513
-297839028
13248984
542452317
9428483
213685928
-88132277
-564213976
234057640
-192937458
130727448
-276146611
214305989
73878398
370810338
196837299
139690802
140250642
-53021458
98247883
-32943966
-77497272
395355290
328021
-252093318
68584745
-119264697
133630547
19745646
194559021
542876906
-286885671
127229636
519576372
13984
-450280597
259090858
-295861731
-572505804
352293763
-5462111
-260377560
-253398991
-233702659
-540281320
15490352
72752196
-293658227
362936785
99425876
108649757
271252155
-220108739
382823481
-7324760
-412038346
-42550556
91576063
129178448
-386298424
165071231
-29855095
-245706530
89487740
188953189
-115185284
161647725
143167564
6396004
75700396
-529717593
255163269
129403145
-199291248
-132899285
-351008764
-61833302
579133872
-294486238
41723078
-247690097
319490395
263909405
3688849
58757937
446903588
600179277
-408998834
-223906743
130712598
-211613206
170050412
-240525561
-127008894
Second to third layer connections:
439884026
64773586
95050900
85616467
-339315230
-177998614
437720502
117721069
-520623862
-189182483
42365534
-110541428
-128853232
42708527
162546001
351222249
529779450
279270687
-21229370
-68163871
157327077
-63087633
-5283643
-200550478
-57406375
-273478269
-120529177
208268169
-48447465
-166761399
-246764352
-71202721
-121287864
-43088328
267883114
331684075
329168589
12951700
-289696531
193201171
54826721
-119570688
-54560695
86964172
-199790441
-189067812
231266507
377023864
360168549
92015572
-72701470
-163176284
-196043087
257618146
-48070333
179116047
379840157
-568250057
241269795
-32944630
148272341
-82905860
303825396
314293894
318644529
97198832
-516595702
527435303
178714958
-558761272
93575884
124914330
199735820
127107142
-66201331
510431921
181422016
137279159
-241025657
50448359
322652574
-89048829
296997877
-842118718
34447690
-122274551
-355602997
-246883270
546633252
41297291
73580756
128564300
-154176868
21714457
187417463
121864916
-246487533
-9074299
149729374
561979610
329317243
57063904
-165680536
110557807
-14554142
533841602
-371342457
-133417349
77289631
-529454426
382490862
213261456
-205310251
-345728660
-142713874
388503531
-273473995
115845507
-247593150
80344458
95715176
621566311
-79740070
11770464
412235278
-143846098
109283405
899677
Third to fourth layer connections:
-133250936
-97438172
93117845
366495182
-226689670
-78063999
-277831269
-479374289
-399988442
159153315
136820304
463356182
-82998195
-299001717
-96494064
-541478240
-345394696
20287786
157574719
6135074
-208018185
371148017
-492805820
457534217
-66180638
281826144
-634375256
-30133392
7851491
191935053
145533807
-215478793
Fourth to fifth layer connections:
572636402
460318079
-110129266
-209212170
85476010
33049241
164589586
-373119076
Fifth to sixth layer connections:
-1965947
-136992588
