First to second layer connections:
75444370
-62826798
3385453
-1373
177399996
-298746932
91068956
60836924
-49367460
21164188
16727
-165466322
173902434
367806469
92850231
-26905581
105869943
-1030
2654252
12322803
-87249737
6064943
197519244
-18272
-56475272
120685775
-12331029
-4497
174752091
-177455764
44264547
56364248
3210067
-261418433
-144525891
-27906863
171977938
-66432011
11600804
62598990
-84374077
-19535683
-100996306
39428853
-116886315
146355981
46569342
-108334281
-57432535
83958932
51903819
-86252027
48393242
-184237335
-97778169
16917732
230053855
-218425940
-8468
55823876
689438
172648727
283248219
-52772899
72942316
-100653713
45780630
-83562942
-169717565
-120352860
4186991
119545514
3649498
259546147
-77292996
104706759
-24997623
110918635
-47349277
198942342
-236322665
64145867
176835623
-62610249
-178850670
-165776385
-188323988
162291369
-151354695
-149044022
-403956
19768880
194505916
-108142623
58036705
74500835
66688110
201269887
12385100
17574000
-113827917
-36841504
-94010135
-116863582
-345374315
-179440815
-142245339
-218236368
92718110
155561541
-558
-195347007
-44304406
-1439263
76252460
-38020457
20720396
-118094252
-163603518
-78540407
-180241015
40048819
-214152988
360156580
-65421258
-148993058
-71122262
125991717
189761561
-45759797
111098820
237871597
245756118
-102690428
-23180339
-173182470
-21708283
-46742012
-37474694
215022669
-2654961
-281075963
-31186092
-3244
-37297273
-16987
-12968997
-43061299
158597991
-105753218
-59325319
228677090
64352509
136341436
-17733485
-14927486
550912
273825737
-128916102
-59262379
260916168
12531137
-131293373
200202698
59064712
28572511
-228058255
70136081
-48694246
-134665177
-13004732
325019780
-99866587
60939024
30667614
127498190
-273470803
76049450
-47233641
255114030
-47645417
107612759
-31420002
-88209748
47125387
2745100
-165671058
-115477442
-37567716
-8607558
-5297553
121267515
27340908
123935720
-131700136
-84306092
-5548351
-82941294
115451414
-127630108
81859523
205409271
-44169834
-101901555
-65909381
-90242543
48616951
-4532439
-7553561
-196740783
40288562
100178704
172554092
-78671929
-120004286
-51679996
276713796
-5979059
31144473
250521733
-47352967
-124188408
-169877762
-3849365
71603819
133982840
-293597543
-145918996
134892527
-98410990
-115095222
149521767
-48947036
210225330
-112888494
168033272
-73408189
146326912
-281910531
-227184629
-47305829
-23534708
-71181388
-24778908
69126882
-39174712
137256209
271561859
288085392
-143856098
241449559
-114660904
-253603993
268211387
20334221
160359035
170655940
275212347
-31840801
-160998029
82592524
74124206
-83322887
103772898
201298769
-673295
-36172440
230461585
27876646
-88109202
-203420061
117410487
2230246
-29340806
-102204472
-32374788
116381572
-76384860
20104040
-223508296
84053592
-131264803
-5933
18893740
92978222
-11459836
-42753223
146199817
100390494
86894293
-119414082
-147650408
-125366295
-57954534
90420719
62672328
-128206328
32865590
-76029553
26798056
166085164
-259283212
86344270
-6348920
-63381154
-71815817
156827636
-22139819
-86059687
116567332
-24729991
-53314523
91696949
95806051
-11854702
-44927147
-78646357
12871037
25998950
34310659
-196439831
-44125996
22117127
73544665
-207842017
941417
-133425699
107024982
-73344311
-122690526
-65124964
-87799134
-71929334
158129252
-144817546
-60763517
176106182
326671449
43473658
-63944093
193021130
-160994144
154067931
-114704371
-13181680
354798544
-8487818
-37054185
243468149
121916831
-18281460
146893322
-102798987
-92947089
-188761351
49621132
191607144
-31546916
-9145240
106883391
223554286
35969316
-34607453
167129831
-340499868
161943645
38382878
-124192590
49611110
12183662
-137410537
105102102
76120339
-176070828
-219052546
1594952
127137807
80262979
113696366
-6702749
-30293859
-21772574
-79614243
-100892843
-136386434
213442161
222887579
206912224
25432804
-44634288
-108374097
-89672694
161560349
9617778
56510197
-203254031
-22602856
75968128
152607092
29620041
-68226706
30370130
-129061267
-38270208
-201765318
-26422022
-188603909
-293598007
-85339644
206358794
-200015188
119150018
-8630603
-205473356
-48467419
79209163
-41121711
21728046
179987754
-148919521
6624495
271226163
4714247
106842973
-44066139
-282106985
117028825
-96468731
65363723
-138073300
107153001
36939196
185405177
98418650
69845398
70125313
-26510730
49123937
-16471985
-38748630
197677642
164012
-126046655
34292375
-59632344
66815275
9872812
97279508
271438460
-143442842
63614814
259788186
6995
-225140297
129545430
-147930861
-286252910
176146881
-2731049
-130188780
-126699493
-116851324
-270140658
7745167
36376095
-146829116
181468394
49712942
54324881
135626072
-110054370
191411739
-3662384
-206019171
-21275269
45788037
64589223
-193149216
82535618
-14927546
-122853267
44743868
94476600
-57592641
80823863
71583776
3198007
37850197
-264858796
127581635
64701572
-99645623
-66449647
-175504382
-30916658
289566937
-147243124
20861538
-123845048
159745190
131954699
1844427
29378971
223451798
300089636
-204499416
-111953371
65356300
-105806606
85025206
-120262783
-63504437
Second to third layer connections:
219942019
32386794
47525460
42808238
-169657617
-88999307
218860250
58860538
-260311927
-94591248
21182765
-55270718
-64426619
21354261
81272999
175611133
264889727
139635340
-10614686
-34081941
78663536
-31543818
-2641820
-100275235
-28703189
-136739129
-60264582
104134086
-24223728
-83380701
-123382175
-35601360
-60643930
-21544160
133941556
165842040
164584291
6475853
-144848267
96600589
27413365
-59785346
-27280343
43482082
-99895215
-94533911
115633245
188511938
180084279
46007792
-36350738
-81588147
-98021550
128809072
-24035165
89558025
189920080
-284125033
120634896
-16472312
74136176
-41452924
151912700
157146947
159322260
48599413
-258297858
263717656
89357479
-279380637
46787949
62457164
99867911
63553582
-33100668
255215966
90711001
68639584
-120512836
25224175
161326285
-44524425
148498933
-421059360
17223846
-61137274
-177801501
-123441638
273316627
20648646
36790373
64282150
-77088439
10857229
93708734
60932462
-123243766
-4537149
74864689
280989799
164658616
28531944
-82840267
55278900
-7277073
266920797
-185671228
-66708673
38644823
-264727215
191245427
106630731
-102655121
-172864331
-71356940
194251768
-136736999
57922760
-123796572
40172234
47857592
310783153
-39870026
5885228
206117637
-71923052
54641698
449839
Third to fourth layer connections:
-66625462
-48719087
46558920
183247589
-113344830
-39032002
-138915637
-239687147
-199994222
79576667
68410154
231678088
-41499100
-149500858
-48247028
-270739113
-172697346
10143899
78787358
3067535
-104009093
185574013
-246402909
228767112
-33090317
140913075
-317187631
-15066691
3925744
95967532
72766902
-107739391
Fourth to fifth layer connections:
286318196
230159035
-55064636
-104606089
42738006
16524621
82294785
-186559542
Fifth to sixth layer connections:
-982972
-68496298
