First to second layer connections:
39
-1
15
4
-8
-28
-3
0
-20
4
7
6
11
-10
9
18
0
-13
7
-5
-7
1
-22
-3
-1
-8
-10
15
-8
9
8
-10
-10
-17
-21
1
13
14
13
-7
4
-17
5
-18
-1
7
6
-3
-5
-4
6
5
-7
-6
-6
-2
-19
-10
9
-8
1
-1
-15
-16
21
-15
-6
6
-1
-11
10
6
-6
-32
4
11
26
-8
9
-1
15
0
14
-20
9
1
-7
-13
5
2
21
4
5
-6
3
4
-2
-2
-4
8
-4
21
1
-4
5
5
-4
2
20
4
-13
13
14
-12
-8
-8
3
-6
18
-12
14
-7
-2
0
7
-3
-6
3
11
10
7
-11
1
22
-12
17
-30
3
-18
9
19
2
5
-8
3
-17
-1
4
-19
2
10
6
1
-17
-12
14
-8
-12
-10
5
-2
-11
7
-20
-1
-19
18
9
13
3
1
-7
1
6
1
14
-8
-2
0
-3
17
-3
-18
-24
-1
6
0
-8
-4
4
-23
-3
6
9
-8
-1
-13
6
8
14
6
7
-7
12
-17
-6
19
-18
1
-7
4
14
-20
-4
16
18
-15
-13
-21
4
8
-1
-16
-11
-23
-4
-4
-2
0
-9
5
-15
2
-4
-10
-8
-1
8
-4
0
3
-7
1
-11
7
-1
-2
-20
-18
-2
-5
0
12
22
7
-5
-12
-2
6
4
-6
-10
-5
-7
2
-6
18
-7
10
6
-13
-29
11
2
0
-11
7
-16
14
4
-5
-11
-11
-2
4
-9
1
3
-13
-3
1
-1
10
-16
-6
-5
12
7
-9
2
-24
18
-7
-9
-14
13
-3
10
17
-23
11
-1
21
4
-20
-11
2
2
-14
-8
12
-9
-15
5
15
-2
23
5
7
13
11
11
-8
-1
0
-3
8
8
-19
-14
16
12
-15
-2
-2
18
-20
-9
-11
-18
12
0
-8
-3
-1
-5
6
-7
-14
-15
6
-13
-5
-6
-3
-10
3
3
2
-3
14
5
-10
8
10
15
8
-7
-12
30
2
-11
-2
2
-3
-7
20
-7
6
22
7
5
6
-3
10
-8
-2
4
2
-4
1
-11
1
8
22
-8
2
8
-2
7
-2
-9
-14
0
10
7
1
11
-3
-3
15
-27
6
6
-4
-10
-7
-4
-13
7
0
-2
-9
1
11
9
4
-6
0
-9
-1
5
18
-4
-13
8
-13
1
-4
-12
-1
4
-2
1
7
-6
-8
-8
-8
1
2
6
19
-10
-8
-2
-9
-9
12
10
20
-7
-15
5
-20
-16
31
1
9
-8
-3
3
-1
-4
-14
-6
-8
-10
5
18
11
5
-14
4
-1
10
4
-10
-8
10
6
-16
-4
-21
15
11
-2
-7
3
-3
-4
1
Second to third layer connections:
-7
24
-19
9
-10
11
4
-10
-3
11
-10
-15
4
6
-4
-28
3
21
3
15
0
9
3
5
4
-1
15
-18
-24
-2
2
-2
8
10
9
-17
-11
5
-6
-1
18
-13
-4
-4
-5
14
10
-11
5
1
-4
12
12
-1
-14
9
-4
-17
13
17
22
-13
8
-18
-2
9
0
14
8
0
7
-8
3
-8
-11
-6
-6
-18
-24
-11
5
-7
9
16
12
-5
2
-13
-8
2
4
-1
11
-28
6
-4
-3
-15
-4
-5
5
3
9
1
8
9
4
3
-4
-5
9
3
-8
0
-21
8
2
13
42
21
6
3
8
-19
-4
9
11
-7
Third to fourth layer connections:
1
16
-9
-4
-6
-8
-7
-7
0
5
-10
-4
-1
-1
10
-20
-17
-8
-10
-4
5
13
18
7
6
-30
19
6
-14
-6
-22
-7
Fourth to fifth layer connections:
-1
7
-15
-12
-8
20
-4
-15
Fifth to sixth layer connections:
2
3
