First to second layer connections:
39
-2
16
4
-7
-25
0
1
-20
4
9
2
9
-10
9
15
-1
-12
6
-4
-4
-2
-24
-4
2
-9
-11
18
-7
10
6
-11
-11
-13
-21
-3
16
12
15
-5
0
-14
3
-15
-3
4
4
-3
-6
-3
9
6
-6
-4
-8
0
-22
-9
11
-11
0
-1
-15
-16
19
-12
-6
5
-2
-8
8
7
-6
-30
3
15
24
-8
11
0
16
-1
14
-21
11
3
-8
-9
5
0
21
6
7
-6
6
5
0
-3
-5
9
-2
25
3
-3
7
3
-3
1
16
2
-15
14
14
-16
-6
-8
3
-6
20
-15
18
-6
2
-4
11
-7
-2
3
10
12
5
-11
1
18
-8
18
-28
3
-22
9
19
6
8
-11
-1
-19
1
5
-16
0
11
7
-2
-15
-11
15
-8
-12
-10
7
-4
-10
6
-21
0
-20
15
7
10
3
3
-7
1
3
3
14
-4
-1
-4
-1
16
-5
-16
-28
-5
7
-2
-6
-4
3
-22
-5
6
9
-6
-1
-13
9
4
15
2
6
-8
11
-16
-4
21
-14
2
-5
6
13
-21
-1
18
17
-16
-14
-23
4
5
-2
-13
13
-25
-8
-4
-3
1
-11
5
-14
3
-4
-9
-9
-1
7
-4
-1
2
-8
-2
-13
4
-4
-5
-17
-16
-5
-5
-3
11
18
7
-2
-10
-2
6
4
-4
-12
-7
-9
-1
-5
21
-7
8
5
-13
-28
14
1
1
-9
8
-17
10
5
-2
-14
-14
-3
1
-11
2
2
-14
1
3
-1
13
-16
-4
-9
13
6
-12
3
-24
15
-8
-10
-11
13
-5
11
17
-21
12
1
20
3
-18
-11
-2
2
-14
-5
16
-10
-15
4
12
-2
25
8
9
13
8
13
-11
-1
-4
-2
10
7
-19
-12
15
12
-17
-6
1
18
-20
-9
-13
-16
12
-4
-10
-4
1
-5
8
-6
-13
-12
5
-12
-7
-5
-2
-11
4
7
5
-7
11
3
-10
7
8
13
8
-9
-11
28
2
-14
-3
2
-3
-10
18
-9
4
24
7
2
3
-5
13
-4
1
2
3
-5
0
-9
3
5
23
-6
3
8
-2
5
-3
-11
-14
-1
8
9
-2
10
-2
1
15
-29
6
7
-2
-10
-6
-2
-12
7
1
0
-11
3
15
11
4
-4
0
-7
-1
4
16
-4
-11
5
-11
-2
0
-12
1
3
1
2
6
-5
-6
-7
-7
1
-1
5
18
-10
-6
0
-9
-6
13
10
17
-7
-16
4
-20
-14
30
1
9
-8
0
2
-3
-4
-10
-4
-8
-8
4
21
12
5
-13
3
0
11
8
-11
-5
10
8
-12
-3
-17
14
8
-2
-9
5
-2
-3
3
Second to third layer connections:
-7
25
-17
7
-8
10
5
-10
-1
10
-12
-17
4
3
-1
-29
2
19
5
11
2
9
1
4
1
-3
17
-17
-22
0
6
-4
4
14
8
-17
-13
7
-6
0
20
-10
-6
-5
-5
13
10
-15
4
2
-4
12
10
0
-14
10
-6
-14
13
16
20
-14
6
-18
-2
10
-4
15
7
2
8
-12
2
-6
-13
-2
-4
-18
-25
-14
4
-7
12
12
10
-5
6
-12
-8
5
1
-1
14
-27
5
0
-2
-17
0
-5
4
2
7
2
8
9
4
5
-6
-5
13
1
-8
3
-22
10
-1
10
40
21
7
2
4
-19
-4
10
9
-4
Third to fourth layer connections:
0
15
-10
-5
-10
-10
-8
-7
1
1
-9
-6
-2
-3
9
-21
-18
-9
-9
-4
6
14
19
5
6
-31
18
5
-12
-3
-26
-8
Fourth to fifth layer connections:
-4
5
-17
10
-6
20
-7
-14
Fifth to sixth layer connections:
5
2
