First to second layer connections:
-42
1
17
3
-9
-28
1
2
-21
6
8
6
11
-12
10
18
1
-15
6
-4
-7
-1
-24
-4
0
-8
-10
18
-9
10
4
-13
-11
-15
-19
1
15
14
15
-5
2
-14
3
-15
-4
4
6
-4
4
-2
10
8
-9
-3
-7
-1
-19
-7
12
-8
1
-5
-12
-12
22
-16
-5
5
-1
-11
7
6
-5
-30
6
12
25
-8
7
-2
16
2
16
-19
10
-1
-7
-12
7
-1
22
8
8
-8
6
6
-2
-2
-8
7
-3
22
0
-3
5
4
-3
4
20
1
-12
12
14
-12
-8
-9
3
-10
21
-14
18
-7
0
-2
7
-6
-3
2
11
10
4
-11
0
21
-10
16
-28
0
-18
11
21
4
7
-8
0
-16
-2
7
-17
1
8
9
-2
-14
-13
11
-4
-11
-10
3
-1
-14
4
-20
0
-18
14
9
11
-1
2
-5
-3
7
2
11
-4
-1
-4
-3
20
-3
-17
-24
-4
4
-2
-8
-4
4
-24
-2
8
12
-6
-1
-13
7
7
15
5
6
-7
14
-14
-5
21
-18
3
-9
3
13
-21
-5
15
18
-14
-16
-19
6
6
-1
-16
-14
-22
-4
-4
-4
4
-13
6
-13
4
-3
-9
-9
-1
7
-2
-3
4
-5
0
-14
4
-1
-5
-16
-15
-5
-1
-1
11
19
5
-6
-13
-4
6
2
-6
-10
-8
-6
0
-4
19
-8
8
7
-12
-27
10
2
1
-11
8
-18
14
5
-2
-14
-11
0
1
-13
3
3
-16
-1
1
-5
14
-12
-4
-9
12
9
-10
2
-24
16
-7
-6
-12
11
-4
10
18
-20
8
-1
19
3
-19
-9
2
2
-15
-7
16
-8
-14
6
15
-2
21
6
10
13
11
11
-10
-1
-4
-4
10
10
-19
-15
18
10
-16
-3
-2
14
-17
-9
-12
-19
9
-4
-10
-4
0
-7
8
-8
-17
-13
6
-14
-3
-4
0
-7
5
6
-5
-7
14
3
-10
8
9
15
5
-6
-11
30
4
-13
0
5
-5
-7
16
-7
5
21
10
3
6
-4
10
-5
0
2
-1
-7
0
-11
3
6
22
-9
2
6
-2
8
-6
-8
-16
-2
6
10
-2
10
0
0
17
-25
4
10
-5
-9
-8
-3
-12
8
3
-3
-9
0
12
10
5
-7
-2
-10
-2
3
19
-5
-11
5
-12
-3
-1
-10
0
1
-2
-1
7
-4
-5
-6
-8
4
2
5
16
-12
-6
0
-9
-5
9
10
21
-4
-13
5
-21
-17
27
0
11
-11
-2
0
-3
-5
-14
-5
-8
-7
5
22
9
9
-15
3
-2
10
5
-12
-6
6
8
-14
0
-17
16
10
-1
-7
7
-2
-3
-1
Second to third layer connections:
-8
22
-17
8
-8
10
3
-13
-1
9
-11
-17
6
3
-1
-31
-1
20
1
13
-2
11
3
4
2
-2
14
-17
-24
-1
5
-4
5
10
8
-16
-13
5
-3
1
17
-13
-6
-5
-8
-15
7
-13
5
1
-5
12
9
2
-18
12
-6
-13
9
14
23
-11
6
-21
-2
10
0
16
11
1
5
-12
5
-7
-12
-3
-3
-17
-23
-10
3
-7
10
15
9
-6
2
-13
-8
3
2
-1
11
-27
8
-2
-5
-13
0
-8
7
3
10
-1
5
8
2
5
-6
-8
9
1
-10
-1
-22
8
-2
11
42
22
6
3
5
-18
-5
13
11
-7
Third to fourth layer connections:
1
19
-8
-3
-9
-9
-8
-9
3
3
-8
-6
-1
-2
8
-18
-20
-8
-8
-4
6
14
18
6
7
-32
-20
2
-12
-6
-22
-9
Fourth to fifth layer connections:
-3
5
-14
-11
-7
18
-3
-16
Fifth to sixth layer connections:
6
-1
