First to second layer connections:
32
-27
5
-28
87
-142
45
30
-20
9
-69
-76
85
179
44
-17
54
-19
115
12
-39
4
94
-32
-27
62
-10
21
88
-90
26
27
-2
-128
-74
-14
80
-32
5
30
-38
-8
-47
13
-53
66
24
-55
-26
38
21
-43
20
-88
-45
7
111
-104
-17
27
-99
84
135
-20
38
-45
23
-40
-80
-59
0
59
-2
121
-34
50
-12
50
-20
98
-115
32
81
-28
-82
-79
-88
78
-72
-71
-54
8
95
-52
26
38
30
95
2
7
-56
-14
-44
-55
-163
-87
-67
-103
47
78
-6
-94
-18
2
35
-18
9
-62
-82
-37
-87
20
-100
175
-33
-71
-37
57
88
-27
51
114
119
-51
-13
-82
-13
-19
-19
104
-1
-130
-13
9
-20
-4
-10
-22
74
-50
-30
106
27
66
-10
-5
-89
129
-63
-27
125
5
-58
93
26
12
-107
35
-19
-66
-9
152
-46
30
20
60
-134
38
-27
125
-18
53
-14
-40
23
-3
-78
-53
-15
-6
-8
63
15
60
-62
-38
-3
-38
55
-61
39
100
-23
-48
-29
-44
19
-4
-5
-94
21
50
84
-38
-57
-24
133
-2
11
120
-26
-56
-80
-3
34
64
-140
-70
66
-49
-54
71
-22
101
-54
79
-40
73
-134
-107
-28
-10
-32
-13
30
-19
63
128
139
-74
113
-58
-122
128
11
77
79
129
-18
-73
40
38
-36
50
97
-1
-18
107
13
-46
-98
58
0
-13
-50
-14
56
-42
12
-110
39
-66
-39
10
42
-7
-22
68
48
40
-54
-68
-58
-27
41
30
-65
19
-39
10
82
-122
42
-9
-30
-35
78
-10
-44
59
-14
-28
43
47
-8
-21
-39
4
14
18
-98
-21
10
34
-99
-100
-65
53
-32
-56
-32
-40
-33
74
-69
-34
81
161
19
-29
94
-75
70
-57
-6
170
-7
-19
118
61
-6
68
-50
-43
-86
26
96
-14
-7
52
109
18
-16
79
-165
75
19
-58
28
5
-67
50
37
-82
-101
4
63
37
54
-7
-18
-8
-40
-47
-69
102
106
96
13
-20
-52
-45
77
5
20
-100
-13
38
72
16
-32
14
-62
-18
-95
-13
-89
-142
-39
97
-96
57
-4
-101
-24
39
-20
10
82
-71
7
133
-2
50
-20
-132
58
-45
30
-65
53
22
93
48
37
35
-10
22
-4
-20
94
81
-60
18
-32
36
7
43
126
-66
30
125
35
-106
63
-68
-133
82
-2
-64
-61
-54
-129
5
20
-73
86
23
23
66
-50
91
-4
-97
-10
21
34
-94
42
-7
-59
24
46
-28
38
35
2
18
-126
61
34
-46
-32
-85
-18
137
-72
11
-56
74
65
0
17
108
143
-97
-51
30
-49
37
-59
-32
Second to third layer connections:
104
11
21
19
-80
-45
105
31
-124
-44
11
-26
-28
9
37
88
129
67
-3
-15
37
-15
-6
-47
-12
-69
-27
49
-11
-41
-57
-13
-28
-11
63
75
80
3
-71
45
6
-27
-13
18
-50
-47
58
92
86
21
-15
-40
-50
63
-12
44
91
-135
60
-5
31
-24
72
75
77
23
-124
131
42
-131
23
27
44
27
-18
119
44
32
-60
13
77
-23
70
-204
8
-27
-83
-56
129
7
19
31
-32
5
45
28
-61
-1
33
130
76
12
-40
28
-3
126
-90
-29
22
-125
87
53
-55
-80
-36
89
-66
29
-63
22
21
147
-22
0
96
-32
25
-2
Third to fourth layer connections:
-34
-26
20
84
-53
-20
-65
-113
-95
41
32
107
-19
-73
-28
-125
-79
3
37
3
-50
92
-113
111
-20
68
-151
-5
-1
50
34
-54
Fourth to fifth layer connections:
138
108
-26
-49
21
10
38
-90
Fifth to sixth layer connections:
-1
-29
