First to second layer connections:
14
-8
-1
-10
22
-52
17
4
-16
-6
-19
-24
30
56
19
-7
12
-4
34
6
-9
0
26
-10
-9
21
-12
7
32
-19
9
10
-3
-37
-21
4
28
-8
6
-19
-15
2
-19
0
-22
22
10
-19
-9
11
8
-9
13
-29
-13
0
32
-35
-3
14
-33
22
46
-9
9
-13
13
-16
-25
-21
0
15
-1
43
-16
20
-10
24
-13
34
-38
12
28
-15
-28
-26
-35
26
-22
-20
-20
5
32
-23
7
12
10
33
2
0
-16
-7
-40
-20
-57
-35
-21
-30
17
24
4
-35
-14
1
12
2
1
-23
-30
-14
-30
11
-36
59
-10
-29
-10
21
24
-9
14
43
40
-18
3
-23
-6
-8
-5
34
-1
-44
-13
8
-9
7
-4
-11
30
-14
-18
40
9
22
-7
-4
-29
47
-17
-12
37
-3
-24
29
10
6
-33
10
-4
-24
-3
54
-9
8
9
26
-41
11
-7
40
-6
20
-5
-11
8
-2
-27
-20
-7
2
-2
28
2
14
-21
-11
-6
-17
18
-16
18
33
-5
-20
-16
-17
9
0
-6
-29
11
13
29
-15
-13
-4
44
-8
-1
39
-7
-20
-21
0
6
17
-53
-25
18
-17
-17
22
-5
30
-17
31
-14
29
-36
-33
-6
2
-7
-8
4
-10
15
40
53
-25
39
-16
-40
38
6
19
29
42
1
-24
12
11
-8
17
29
-2
-7
37
3
-17
-28
22
-1
-3
-12
-2
17
-13
7
-35
15
-21
-15
1
10
3
-11
26
23
10
-19
-20
-23
-4
13
4
-25
11
-8
2
30
-44
11
0
-10
-13
18
-1
-12
18
4
-9
18
18
3
-6
-12
9
2
8
-34
-10
2
6
-37
-24
-17
14
-6
-21
-10
-13
-14
24
-19
-18
27
53
5
-8
27
-31
29
-18
-3
52
-1
-1
38
21
-4
24
-21
-12
-26
3
35
-5
-2
22
39
8
-4
25
-52
29
2
-22
11
-2
-26
13
7
-26
-37
1
13
11
17
-5
-1
4
-13
-13
-28
35
33
31
10
-6
-22
-13
18
3
5
-34
-1
8
25
4
-19
9
-21
-9
-31
-5
-29
-44
-13
25
-32
24
-2
-31
-5
12
-3
6
31
-25
4
40
-5
17
-4
-38
21
-9
13
-15
16
4
31
14
11
13
4
10
-2
-3
35
16
-16
7
-5
12
-3
11
45
-17
5
42
16
-39
21
-20
-45
32
-3
-22
-22
-23
-43
2
5
-23
29
5
9
20
-16
28
-4
-29
-10
5
10
-34
9
-4
-15
14
16
-11
14
6
-5
10
-49
22
11
-17
-10
-31
-8
49
-28
6
-23
24
22
-1
7
39
44
-31
-22
8
-18
5
-26
-8
Second to third layer connections:
34
-1
6
3
-27
-18
24
7
-37
-13
5
-8
-7
2
13
33
36
21
0
-4
9
3
-8
-14
-2
-22
-13
22
-7
-10
-19
-9
-14
-4
16
26
24
5
-21
11
3
-11
-5
10
-12
-14
15
32
24
5
1
-15
-17
18
-3
13
31
-49
19
0
11
-17
27
24
22
11
-45
41
11
-44
12
10
17
9
-5
35
16
9
-24
2
22
-4
17
-68
3
-16
-32
-15
43
7
4
14
-16
3
9
12
-21
2
14
44
24
4
-16
9
-2
45
-36
-9
12
-39
28
20
-20
-29
-17
35
-16
7
-23
6
14
48
-5
3
32
-8
10
6
Third to fourth layer connections:
-13
-8
9
26
-18
-8
-20
-36
-36
6
13
36
1
-21
-11
-41
-29
-3
16
-5
-15
25
-36
29
-8
21
-49
-1
-1
20
13
-18
Fourth to fifth layer connections:
44
34
-10
-14
2
0
19
-31
Fifth to sixth layer connections:
-3
-5
