First to second layer connections:
68
-61
7
-60
170
-285
89
59
-46
17
-136
-155
168
354
90
-26
103
-34
237
15
-83
4
194
-67
-54
114
-13
46
169
-170
45
55
4
-245
-143
-27
165
-67
13
58
-83
-16
-96
33
-112
136
47
-108
-52
81
44
-82
48
-176
-93
9
224
-210
-41
48
-200
165
271
-48
74
-97
40
-80
-159
-116
2
113
-1
246
-73
97
-24
103
-47
190
-228
62
164
-62
-176
-157
-178
156
-144
-143
-117
20
186
-98
57
76
60
191
6
18
-111
-32
-88
-110
-330
-173
-136
-208
91
153
-11
-184
-41
-4
73
-37
17
-118
-154
-75
-167
41
-204
350
-63
-142
-63
124
178
-48
106
229
236
-99
-22
-164
-18
-43
-35
209
-5
-265
-30
12
-35
-12
-17
-40
150
-97
-60
216
60
127
-14
-13
-173
260
-123
-53
249
11
-122
190
54
20
-217
70
-43
-128
-14
310
-92
61
34
122
-265
71
-46
242
-42
105
-26
-84
46
1
-159
-108
-34
-9
-11
120
30
116
-127
-81
-8
-77
109
-122
78
198
-44
-97
-61
-88
47
-4
-7
-187
39
93
170
-73
-112
-48
264
-8
29
239
-42
-116
-162
-3
65
127
-281
-136
127
-96
-113
143
-46
196
-107
161
-74
144
-268
-212
-51
-22
-69
-26
62
-39
128
260
277
-138
228
-107
-244
259
19
154
161
264
-34
-150
79
73
-76
100
191
3
-34
221
25
-85
-199
111
3
-27
-102
-34
107
-76
17
-214
81
-128
-84
18
84
-13
-39
132
95
89
-110
-138
-117
-53
86
61
-121
33
-72
24
162
-249
81
-11
-58
-70
154
-18
-84
116
-25
-54
82
92
-12
-39
-77
8
26
36
-191
-43
22
72
-202
194
-128
100
-69
-111
-64
-81
-69
151
-140
-60
166
311
38
-64
189
-155
146
-111
-15
338
-9
-33
233
117
-13
139
-101
-87
-180
46
190
-34
-8
103
214
37
-38
161
-326
149
31
-118
46
14
-131
105
72
-167
-210
5
127
73
109
-5
-32
-16
-72
-97
-131
204
214
198
24
-42
-102
-89
154
7
49
-197
-18
68
142
29
-66
28
-123
-36
-187
-22
-180
-283
-79
196
-190
115
-11
-196
-45
77
-36
19
172
-143
9
262
2
101
-44
-267
113
-89
58
-129
106
39
178
93
69
69
-26
45
-17
-36
184
161
-121
34
-55
68
12
93
256
-135
62
247
67
-215
129
-138
-268
169
-7
-126
-122
-105
-260
8
37
-141
172
48
54
127
-102
181
-4
-196
-22
45
67
-185
81
-15
-114
44
89
-57
79
68
6
40
-251
120
62
-91
-62
-169
-33
278
-142
15
-119
153
126
3
28
218
287
-200
-102
61
-97
77
-120
-63
Second to third layer connections:
209
28
46
40
-160
-85
203
57
-250
-90
20
-56
-64
16
78
167
252
135
-10
-31
77
-32
-3
-95
-29
-133
-58
95
-27
-78
-119
-34
-58
-19
128
154
154
3
-135
94
20
-53
-26
41
-99
-90
108
186
168
44
-30
-79
-96
124
-24
83
175
-272
119
-15
70
-40
145
152
155
40
-244
254
82
-262
48
57
91
58
-33
238
89
65
-119
24
152
-44
143
-406
17
-55
-169
-118
259
17
35
61
-69
7
91
58
-115
1
72
264
153
27
-83
60
-5
253
-178
-61
36
-250
181
107
-100
-165
-70
181
-125
56
-116
34
44
296
-40
7
192
-68
45
-1
Third to fourth layer connections:
-61
-47
47
178
-107
-37
-133
-225
-192
80
65
215
-43
-146
-51
-254
-163
7
73
1
-96
177
-232
219
-31
136
-301
-12
3
95
70
-105
Fourth to fifth layer connections:
278
222
-56
-98
44
19
79
-183
Fifth to sixth layer connections:
-3
-61
