First to second layer connections:
284
-238
11
-225
679
-1141
347
233
-191
78
-534
-631
666
1400
356
-100
400
-124
10
40
-334
21
753
-260
-214
460
-46
170
662
-677
171
214
11
-995
-550
-106
656
-259
47
242
-318
-75
-380
146
-445
559
177
-413
-216
324
198
-329
183
-701
-371
60
883
-832
-148
215
1
659
1079
-205
282
-385
175
-316
-648
-456
19
455
15
991
-291
405
-93
417
-180
759
-906
245
675
-238
-683
-633
-715
620
-576
-568
-430
71
739
-412
224
286
258
768
46
68
-431
-139
-360
-448
-1316
-685
-544
-835
354
595
-42
-745
-172
-3
290
-149
77
-455
-624
-297
-689
151
-818
1377
-252
-568
-273
484
723
-173
428
904
938
-392
-87
-658
-79
-178
-138
823
-13
-1071
-123
40
-139
-53
-56
-165
603
-404
-226
871
244
520
-74
-55
700
1043
-495
-223
994
44
-502
766
226
101
-866
270
-184
-512
-51
1236
-380
235
119
485
-1047
290
-178
974
-182
410
-115
-339
183
11
-634
-443
-145
-32
-22
464
102
474
-501
-318
-21
-313
438
-483
316
781
-166
-391
-251
-344
189
-16
-26
-748
154
380
658
-299
-462
-197
1054
-27
116
955
-178
-471
-646
-13
269
511
-1118
-557
516
-375
-437
569
-186
803
-429
642
-280
556
-1074
-866
-180
-94
-271
-93
266
-146
522
1034
1098
-548
921
-437
-964
1026
81
610
650
1048
-118
-619
316
283
-321
394
771
-2
-140
880
107
-333
-775
450
11
-113
-392
-121
443
-295
72
-852
318
-503
-351
74
351
-42
-163
559
378
329
-454
-564
-472
-222
345
238
-487
127
-289
100
632
-987
329
-26
-236
-276
599
-81
-324
449
-94
-204
345
365
-46
-174
-301
48
100
132
-748
-166
82
284
-794
4
-510
404
-277
-466
-248
-334
-270
602
-553
-236
673
1245
164
-243
740
-614
587
-441
-54
1353
-32
-143
927
465
-68
564
-396
-352
-723
191
734
-120
-30
404
853
136
-134
643
-1300
618
148
-475
189
45
-521
407
290
-674
-833
8
485
310
433
-27
-115
-81
-304
-382
-519
816
847
793
101
-172
-410
-340
618
36
214
-776
-84
287
580
117
-263
113
-495
-143
-772
-103
-721
-1119
-326
791
-764
454
-33
-784
-186
301
-156
87
689
-571
22
1036
15
408
-164
-1075
444
-368
249
-526
409
137
705
377
266
266
-101
187
-63
-151
754
639
-479
136
-228
257
35
372
1039
-548
244
993
260
-859
491
-563
-1090
674
-13
-499
-483
-446
-1031
28
138
-562
695
189
208
519
-415
735
-16
-787
-82
176
247
-740
315
-55
-468
168
359
-225
307
274
10
147
-1009
484
253
-378
-256
-672
-116
1105
-566
79
-470
609
506
3
115
852
1144
-780
-426
242
-403
326
-456
-243
Second to third layer connections:
839
124
179
163
-649
-337
836
225
-995
-361
80
-210
-252
79
309
674
1008
535
-38
-131
302
-123
-9
-382
-109
-521
-237
396
-94
-313
-468
-134
-233
-83
508
634
629
28
-554
371
105
-229
-105
168
-380
-357
442
716
688
168
-139
-318
-376
491
-91
341
726
-1082
460
-63
282
-157
583
599
605
190
-986
1006
337
-1064
179
240
380
241
-128
973
348
262
-460
97
616
-169
564
-1606
64
-234
-675
-468
1041
78
139
248
-291
40
358
228
-474
-17
284
1072
629
111
-318
213
-26
1021
-705
-257
143
-1008
731
407
-394
-656
-277
741
-522
223
-474
154
178
1184
-150
21
788
-273
206
2
Third to fourth layer connections:
-248
-188
179
697
-431
-146
-530
-914
-758
307
261
884
-159
-571
-188
-1033
-656
39
301
8
-391
710
-934
872
-125
539
-1212
-57
13
364
277
-411
Fourth to fifth layer connections:
1092
881
-211
-396
161
65
315
-712
Fifth to sixth layer connections:
-2
-257
