First to second layer connections:
11
-6
1
-9
21
-51
13
1
-16
-7
-20
-24
28
53
17
-11
12
-7
35
10
-6
-2
28
-8
-8
22
-9
7
36
-20
9
9
-5
-38
-17
5
30
-8
3
19
-14
0
-19
0
-21
23
10
-20
-12
8
6
-9
10
-29
-11
4
36
-35
-1
11
-30
26
43
-8
12
-12
11
-17
-28
-19
-1
14
-1
44
-14
20
-7
22
-13
34
-36
11
27
-12
-28
-25
-33
28
-20
-20
-19
7
30
-23
9
10
11
37
3
-4
-13
-10
38
-21
-54
-31
-22
-34
15
26
0
-34
-10
3
12
1
1
-24
-30
-16
-31
11
-35
56
-10
-27
-10
22
24
-9
18
46
38
-18
5
-22
-4
-9
-5
31
0
-42
-13
4
-7
7
-2
-9
29
-12
-15
42
9
25
-9
-6
-29
47
-13
-12
40
1
-23
27
8
4
-34
10
-4
-24
-6
54
-10
7
10
24
-41
11
-8
40
-10
19
-8
-9
6
-6
-28
-21
-5
0
-2
25
2
14
-22
-8
-6
-20
16
-16
15
35
-2
-21
-16
-20
7
-3
-8
-29
9
12
30
-16
-13
-5
45
-5
-1
40
-8
-20
-23
1
10
17
-53
-21
22
-14
-20
24
-3
33
-18
30
-13
27
-38
-37
-7
0
-5
-11
4
-10
16
42
53
-25
36
-19
-43
34
7
20
28
43
1
-24
14
11
-11
16
26
-2
-4
39
3
-16
-30
21
0
-3
-14
-5
15
-12
8
-32
14
-18
-16
1
10
-1
-10
26
21
12
-19
-20
-21
-5
12
7
-25
9
-8
2
28
-40
12
3
-13
-10
20
2
-8
18
2
-11
18
15
3
-7
-16
7
0
5
-35
-13
2
8
-35
-26
-15
16
-10
-22
-9
-13
-13
25
-19
-17
29
53
7
-10
27
-28
31
-15
-4
54
-1
-1
36
17
-1
26
-22
-13
-25
4
33
-1
-1
21
35
7
-1
25
-54
28
4
-23
13
-2
-30
9
8
-25
-35
2
13
12
21
-4
2
1
-10
-9
-26
34
34
34
6
-8
-20
-14
17
7
6
-33
-1
10
25
4
-15
9
-22
-10
-27
-3
-28
-42
-11
24
-31
25
2
-30
-5
12
-2
5
28
-26
1
44
-2
15
-2
-40
23
-12
14
-14
13
7
33
13
13
10
2
13
-2
-3
32
19
-15
10
-7
13
-4
10
43
-16
9
38
15
-38
18
-20
-47
32
-1
-20
-22
-19
-47
2
7
-26
29
5
8
23
-15
30
-5
-31
-8
4
9
-33
9
-8
-16
12
20
-11
11
7
-2
11
-47
25
15
-19
-13
-32
-8
47
-25
6
-23
24
23
3
6
39
48
-29
-20
5
-19
9
-25
-11
Second to third layer connections:
34
1
9
4
-31
-22
27
9
-38
-15
3
-7
-4
1
14
29
38
20
1
-6
10
-1
-8
-14
-3
-23
-17
22
-9
-9
-22
-6
-12
-1
19
26
25
4
-20
12
0
-12
-4
8
-11
-11
17
33
24
7
1
-16
-15
20
-2
12
32
-46
16
2
11
-14
25
22
23
10
-45
37
11
-43
11
8
15
9
-8
37
16
11
-26
2
24
-4
18
-68
4
-18
-31
-15
45
6
3
16
-14
1
9
11
-20
-1
11
46
22
4
-15
7
-5
47
-35
-6
12
-40
27
20
-20
-31
-17
35
-14
9
-25
9
13
48
-6
3
30
-11
11
6
Third to fourth layer connections:
-14
-5
11
28
-17
-6
-19
-39
-36
3
11
35
3
-22
-12
-38
-25
-5
13
-6
-12
25
-35
32
-8
19
-51
-2
-4
20
12
-17
Fourth to fifth layer connections:
44
35
-7
-12
4
-2
19
-32
Fifth to sixth layer connections:
-2
-6
