First to second layer connections:
577
-478
26
-443
1352
-2278
692
466
-376
157
-1067
-1266
1325
2808
708
-207
807
-249
19
92
-666
46
1508
-522
-428
926
-92
348
1328
-1355
335
427
23
-1992
-1105
-217
1310
-512
89
481
-641
-152
-767
298
-892
1120
355
-827
-434
643
394
-660
368
-1406
-744
129
1758
-1666
-299
424
6
1319
2158
-407
561
-766
349
-634
-1294
-915
35
912
31
1981
-586
804
-190
846
-359
1518
-1800
487
1354
-477
-1366
-1262
-1435
1242
-1153
-1139
-857
151
1482
-824
444
566
510
1534
96
135
-865
-280
-717
-894
-2635
-1367
-1084
-1664
710
1186
-73
-1494
-340
-14
580
-294
160
-904
-1249
-600
-1373
303
-1636
2747
-501
-1137
-545
964
1451
-347
852
1814
1878
-787
-177
-1315
-168
-359
-284
1639
-19
-2143
-241
78
-281
-108
-101
-332
1211
-807
-451
1743
488
1043
-139
-114
2
2092
-984
-453
1989
92
-999
1531
456
211
-1737
537
-372
-1026
-102
2476
-761
467
233
969
-2091
579
-359
1950
-365
821
-234
-675
363
22
-1261
-882
-286
-66
-41
927
210
946
-1003
-642
-43
-632
880
-974
625
1565
-331
-782
-502
-687
371
-33
-52
-1498
306
758
1320
-598
-915
-396
2112
-49
233
1908
-359
-943
-1294
-28
548
1022
-2238
-1118
1029
-748
-877
1140
-372
1603
-858
1283
-560
1117
-2151
-1732
-357
-186
-542
-190
527
-297
1052
2071
2201
-1100
1837
-875
-1935
2048
157
1216
1301
2100
-239
-1231
630
566
-635
794
1538
-8
-277
1759
216
-675
-1555
899
16
-224
-780
-248
885
-583
150
-1701
640
-1002
-704
150
706
-85
-327
1117
765
660
-906
-1129
-953
-439
690
474
-976
247
-579
205
1264
-1978
658
-53
-480
-556
1198
-167
-656
888
-190
-405
694
733
-92
-339
-598
100
194
262
-1498
-338
169
563
-1586
10
-1021
815
-557
-936
-494
-672
-546
1207
-1100
-465
1342
2495
328
-487
1474
-1225
1177
-878
-102
2708
-67
-284
1853
926
-138
1123
-786
-704
-1441
383
1464
-244
-70
815
1704
275
-265
1275
-2598
1237
292
-950
376
99
-1052
801
585
-1347
-1667
14
973
614
865
-53
-229
-165
-607
-766
-1038
1631
1700
1580
190
-339
-825
-684
1235
71
432
-1551
-171
578
1162
228
-525
231
-987
-294
-1545
-203
-1439
-2239
-647
1579
-1528
915
-63
-1567
-373
602
-310
169
1379
-1137
49
2072
33
814
-331
-2151
888
-735
500
-1050
820
280
1414
750
529
536
-198
376
-125
-295
1504
-1281
-959
266
-457
508
75
742
2074
-1096
487
1978
530
-1726
985
-1127
-2182
1349
-16
-990
-964
-888
-2059
58
279
-1122
1381
380
414
1031
-837
1461
-33
-1572
-166
350
493
-1478
633
-112
-937
340
722
-438
620
546
27
289
-2020
971
496
-757
-508
-1340
-233
2211
-1128
161
-945
1219
1008
13
230
1707
2292
-1560
-855
497
-809
648
-914
-484
Second to third layer connections:
1677
250
362
324
-1297
-677
1673
450
-1987
-722
159
-424
-493
165
618
1338
2022
1072
-78
-258
606
-238
-23
-766
-219
-1045
-463
791
-186
-636
-944
-273
-465
-167
1018
1268
1256
49
-1107
738
210
-459
-206
334
-765
-717
885
1431
1373
348
-276
-625
-750
983
-185
684
1447
-2169
922
-126
565
-315
1165
1200
1220
373
-1977
2016
680
-2131
357
472
763
483
-252
1944
694
530
-918
191
1231
-338
1137
-3206
127
-467
-1355
-938
2086
155
277
491
-590
80
713
464
-946
-35
568
2149
1258
218
-637
425
-54
2036
-1415
-509
291
-2019
1459
813
-788
-1315
-550
1481
-1045
442
-947
309
364
2369
-307
42
1574
-551
417
1
Third to fourth layer connections:
-505
-377
356
1393
-861
-292
-1062
-1828
-1523
611
526
1768
-315
-1139
-370
-2065
-1316
80
600
24
-794
1416
-1879
1741
-253
1080
-2419
-118
30
731
552
-825
Fourth to fifth layer connections:
2184
1757
-421
-795
326
126
630
-1420
Fifth to sixth layer connections:
-12
-522
